NUMERO DE TRABAJOS
10
NUMERO DE RECURSOS
10
SECUENCIA DE MAQUINAS
4 8 6 5 1 2 9 7 0 3 
5 3 6 4 2 8 0 1 7 9 
9 8 0 1 6 5 7 4 2 3 
7 2 1 4 3 6 5 0 9 8 
3 4 9 8 0 2 6 5 7 1 
1 4 5 6 8 2 7 9 3 0 
7 1 4 3 0 8 2 5 6 9 
4 6 3 2 1 5 7 0 8 9 
0 6 3 7 1 2 4 5 8 9 
3 0 1 8 7 9 6 4 5 2 
DURACIONES
(78,88,96) (64,68,70) (87,94,98) (88,99,120) (58,67,82) (80,89,90) (67,77,83) (91,99,120) (86,86,100) (91,92,102) 
(69,72,87) (43,50,57) (67,69,79) (71,75,85) (80,94,107) (58,66,76) (82,92,112) (80,82,83) (93,94,115) (63,63,68) 
(74,83,95) (57,61,62) (71,83,99) (62,65,68) (58,64,66) (80,85,106) (77,78,83) (84,85,98) (51,55,68) (72,77,78) 
(82,94,111) (63,68,70) (61,61,70) (87,99,108) (47,54,61) (66,75,93) (57,66,82) (72,76,90) (56,63,69) (67,67,82) 
(60,69,79) (81,88,99) (70,82,100) (92,95,112) (97,99,110) (64,67,76) (91,95,114) (58,68,79) (62,67,68) (78,86,87) 
(91,99,119) (73,81,85) (59,64,71) (61,66,78) (77,80,88) (70,80,97) (59,69,82) (60,62,69) (71,79,83) (82,88,89) 
(45,50,59) (77,86,106) (97,97,106) (85,96,106) (82,95,98) (83,97,102) (59,66,74) (98,99,117) (48,52,62) (64,71,78) 
(90,98,111) (66,73,80) (75,82,99) (47,51,62) (61,71,75) (83,94,109) (76,85,105) (56,62,71) (83,95,111) (74,79,92) 
(94,94,94) (62,71,86) (78,81,83) (78,85,89) (62,66,80) (79,90,95) (74,76,82) (58,58,72) (82,93,101) (91,97,110) 
(50,50,62) (58,59,61) (70,82,82) (57,67,77) (49,56,65) (82,96,109) (57,58,66) (72,81,86) (55,59,59) (89,96,116) 

