NUMERO DE TRABAJOS
10
NUMERO DE RECURSOS
10
SECUENCIA DE MAQUINAS
4 8 6 5 1 2 9 7 0 3 
5 3 6 4 2 8 0 1 7 9 
9 8 0 1 6 5 7 4 2 3 
7 2 1 4 3 6 5 0 9 8 
3 4 9 8 0 2 6 5 7 1 
1 4 5 6 8 2 7 9 3 0 
7 1 4 3 0 8 2 5 6 9 
4 6 3 2 1 5 7 0 8 9 
0 6 3 7 1 2 4 5 8 9 
3 0 1 8 7 9 6 4 5 2 
DURACIONES
(80,88,104) (58,68,80) (85,94,111) (88,99,114) (57,67,79) (81,89,102) (68,77,85) (90,99,110) (79,86,95) (85,92,108) 
(64,72,85) (46,50,57) (62,69,76) (68,75,84) (88,94,111) (60,66,75) (79,92,109) (75,82,91) (81,94,111) (58,63,74) 
(71,83,95) (53,61,68) (72,83,93) (58,65,73) (56,64,75) (74,85,96) (72,78,86) (73,85,94) (51,55,63) (70,77,86) 
(82,94,107) (58,68,80) (53,61,72) (88,99,111) (49,54,62) (65,75,84) (60,66,73) (70,76,88) (58,63,72) (60,67,79) 
(63,69,81) (77,88,103) (72,82,97) (81,95,113) (89,99,111) (61,67,77) (81,95,108) (63,68,76) (61,67,79) (76,86,99) 
(90,99,116) (74,81,95) (58,64,74) (60,66,74) (75,80,89) (75,80,95) (64,69,82) (58,62,71) (70,79,94) (77,88,101) 
(44,50,58) (75,86,96) (83,97,107) (85,96,111) (83,95,106) (83,97,110) (60,66,77) (91,99,115) (46,52,61) (64,71,82) 
(90,98,108) (63,73,85) (73,82,97) (46,51,57) (66,71,80) (82,94,106) (73,85,96) (56,62,71) (82,95,105) (73,79,93) 
(81,94,107) (63,71,84) (69,81,90) (77,85,96) (61,66,74) (81,90,105) (68,76,89) (53,58,68) (84,93,108) (88,97,108) 
(45,50,56) (51,59,66) (74,82,92) (57,67,78) (51,56,65) (89,96,110) (53,58,65) (70,81,92) (53,59,69) (87,96,107) 
