NUMERO DE TRABAJOS
10
NUMERO DE RECURSOS
10
SECUENCIA DE MAQUINAS
7 8 5 3 4 6 2 0 9 1 
5 2 8 9 1 4 7 3 0 6 
1 7 6 2 9 0 4 3 8 5 
4 8 5 9 3 6 2 1 0 7 
8 9 7 3 4 0 1 5 6 2 
3 9 5 2 4 1 6 8 0 7 
5 2 7 6 9 0 4 8 3 1 
4 6 5 8 9 2 0 1 7 3 
9 6 5 8 7 0 3 1 4 2 
0 3 7 2 1 5 8 4 9 6 
DURACIONES
(56,62,73) (21,24,28) (23,25,29) (74,84,97) (40,47,55) (35,38,44) (72,82,91) (84,93,104) (22,24,27) (61,66,78) 
(42,47,55) (88,97,111) (83,92,102) (20,22,25) (87,93,110) (26,29,33) (48,56,66) (73,80,88) (68,78,92) (61,67,79) 
(39,45,51) (41,46,51) (19,22,25) (23,26,29) (33,38,45) (60,69,77) (37,40,44) (29,33,37) (70,75,86) (88,96,107) 
(74,85,97) (65,76,90) (59,68,79) (78,88,99) (33,36,41) (65,75,84) (50,56,62) (32,35,41) (71,77,87) (76,85,101) 
(55,60,70) (17,20,23) (22,25,29) (54,63,74) (72,81,91) (48,52,60) (26,30,34) (92,98,109) (49,54,64) (76,86,99) 
(78,87,103) (67,73,85) (46,51,59) (85,95,107) (61,65,73) (80,86,102) (20,22,26) (54,58,66) (70,80,95) (58,65,75) 
(72,81,94) (47,53,59) (49,57,63) (63,71,82) (71,81,91) (37,43,49) (24,26,30) (49,54,63) (52,58,69) (62,69,79) 
(18,20,22) (74,86,100) (18,21,24) (68,79,89) (58,62,69) (31,34,40) (24,27,32) (74,81,93) (27,30,35) (43,46,51) 
(59,68,80) (60,66,76) (84,98,116) (80,86,98) (61,66,74) (52,56,64) (72,82,94) (82,95,107) (41,47,53) (68,78,88) 
(28,30,34) (46,50,59) (31,34,39) (53,58,69) (67,77,86) (29,34,38) (75,84,95) (36,40,47) (42,46,52) (38,44,50) 
