NUMERO DE TRABAJOS
20
NUMERO DE RECURSOS
15
SECUENCIA DE MAQUINAS
6 5 8 4 1 14 13 11 10 12 2 3 0 7 9 
1 5 0 3 6 9 7 12 10 13 8 4 11 14 2 
0 4 2 10 6 14 8 13 7 3 9 12 1 11 5 
7 5 4 8 0 9 13 12 10 3 6 14 1 11 2 
2 3 12 11 6 4 10 7 0 13 1 14 5 9 8 
5 3 6 12 10 0 13 2 11 7 4 1 14 9 8 
13 0 11 12 4 6 5 3 9 2 7 10 1 14 8 
2 12 9 11 13 8 14 5 6 3 1 4 0 7 10 
2 10 14 6 8 3 12 0 13 9 7 1 11 4 5 
4 9 3 11 13 7 0 2 5 12 1 10 14 8 6 
13 0 3 8 5 6 14 7 1 2 4 9 12 11 10 
14 10 0 3 13 6 7 2 12 5 4 11 1 8 9 
6 12 4 2 8 5 14 3 9 1 11 13 7 10 0 
5 14 0 8 7 4 9 13 1 12 6 11 3 10 2 
5 3 10 6 4 12 11 13 7 9 14 1 2 0 8 
8 5 9 6 1 7 11 2 4 0 10 3 12 14 13 
1 4 8 3 10 5 12 7 9 14 11 13 0 2 6 
7 5 13 9 10 4 14 0 3 11 6 8 1 2 12 
14 11 5 2 13 10 4 8 3 9 6 7 0 1 12 
1 7 11 8 14 6 5 3 13 2 0 4 9 12 10 
DURACIONES
(13,14,15) (20,21,22) (12,13,14) (10,11,12) (10,11,12) (33,35,37) (18,20,22) (15,17,19) (16,18,20) (10,11,12) (23,23,23) (13,13,13) (13,15,17) (11,11,11) (33,35,37) 
(34,35,36) (28,31,34) (12,13,14) (23,26,29) (12,14,16) (17,17,17) (37,38,39) (18,20,22) (19,19,19) (11,12,13) (14,16,18) (33,34,35) (14,15,16) (11,12,13) (14,14,14) 
(26,30,34) (30,35,40) (36,40,44) (32,35,38) (30,30,30) (23,23,23) (28,29,30) (32,37,42) (35,38,41) (40,40,40) (26,26,26) (11,11,11) (36,40,44) (35,36,37) (17,17,17) 
(37,40,43) (17,18,19) (12,12,12) (21,23,25) (20,23,26) (12,14,16) (16,16,16) (13,14,15) (23,23,23) (11,12,13) (16,16,16) (32,32,32) (40,40,40) (23,25,27) (28,29,30) 
(32,35,38) (15,15,15) (30,31,32) (25,28,31) (28,32,36) (26,30,34) (27,27,27) (27,29,31) (37,38,39) (10,11,12) (22,23,24) (17,17,17) (24,27,30) (32,37,42) (29,29,29) 
(30,33,36) (31,33,35) (19,19,19) (39,40,41) (18,19,20) (32,33,34) (26,26,26) (30,31,32) (26,28,30) (32,36,40) (34,38,42) (19,21,23) (23,25,27) (39,40,41) (31,35,39) 
(23,25,27) (29,32,35) (33,33,33) (18,18,18) (28,32,36) (28,28,28) (14,15,16) (34,35,36) (14,14,14) (30,34,38) (20,23,26) (32,32,32) (17,17,17) (25,26,27) (17,19,21) 
(14,16,18) (32,33,34) (31,34,37) (27,30,33) (37,40,43) (12,12,12) (26,26,26) (24,26,28) (14,15,16) (19,21,23) (39,40,41) (31,32,33) (13,14,15) (26,30,34) (32,35,38) 
(16,17,18) (16,16,16) (20,20,20) (22,24,26) (26,26,26) (32,36,40) (20,22,24) (14,14,14) (11,11,11) (20,20,20) (21,23,25) (28,29,30) (21,23,25) (14,15,16) (40,40,40) 
(25,27,29) (34,37,40) (36,40,44) (13,14,15) (24,25,26) (30,30,30) (30,34,38) (11,11,11) (15,15,15) (31,32,33) (34,36,38) (12,12,12) (28,28,28) (28,31,34) (22,23,24) 
(25,25,25) (22,22,22) (24,27,30) (13,14,15) (25,25,25) (18,20,22) (17,18,19) (13,14,15) (17,19,21) (16,17,18) (25,27,29) (19,22,25) (21,22,23) (27,27,27) (21,21,21) 
(32,34,36) (15,15,15) (22,22,22) (27,29,31) (31,34,37) (35,40,45) (16,17,18) (32,32,32) (20,20,20) (37,39,41) (30,31,32) (16,16,16) (37,37,37) (32,33,34) (13,13,13) 
(11,12,13) (25,27,29) (16,17,18) (22,24,26) (10,11,12) (19,19,19) (11,11,11) (16,17,18) (23,25,27) (11,11,11) (29,31,33) (33,33,33) (28,31,34) (12,12,12) (21,22,23) 
(20,22,24) (15,15,15) (16,16,16) (32,32,32) (19,20,21) (22,22,22) (11,11,11) (18,19,20) (29,30,31) (32,33,34) (27,29,31) (18,18,18) (34,34,34) (31,32,33) (17,18,19) 
(27,27,27) (25,26,27) (28,28,28) (37,37,37) (18,18,18) (11,12,13) (11,11,11) (24,26,28) (25,27,29) (36,40,44) (17,19,21) (24,24,24) (18,18,18) (12,12,12) (30,34,38) 
(14,15,16) (25,28,31) (25,25,25) (32,32,32) (12,13,14) (33,38,43) (11,11,11) (31,34,37) (25,25,25) (19,20,21) (31,32,33) (21,23,25) (13,14,15) (14,16,18) (19,20,21) 
(14,15,16) (12,13,14) (33,37,41) (13,14,15) (21,22,23) (21,24,27) (25,26,27) (20,22,24) (30,34,38) (20,22,24) (19,19,19) (28,32,36) (27,29,31) (13,13,13) (35,35,35) 
(36,36,36) (29,33,37) (28,28,28) (18,20,22) (30,30,30) (31,33,35) (28,29,30) (32,34,36) (22,22,22) (12,12,12) (29,30,31) (12,12,12) (33,35,37) (12,13,14) (30,35,40) 
(26,26,26) (31,31,31) (32,35,38) (33,38,43) (17,19,21) (35,35,35) (24,27,30) (25,29,33) (35,39,43) (13,13,13) (13,14,15) (24,26,28) (17,17,17) (21,22,23) (15,15,15) 
(33,36,39) (32,34,36) (30,33,36) (17,17,17) (33,38,43) (38,39,40) (16,16,16) (27,27,27) (28,29,30) (15,16,17) (16,16,16) (17,19,21) (36,40,44) (33,35,37) (39,39,39) 
TIEMPOS MAXIMOS DE FIN
(637,637) (601,601) (832,832) (678,678) (911,911) (721,721) (912,912) (899,899) (796,796) (742,742) (694,694) (898,898) (610,610) (745,745) (701,701) (824,824) (697,697) (921,921) (730,730) (811,811) 
DESV:0.0529777