//Numero de trabajos
6
//Numero de tareas
6
//Matriz de operaciones
2 0 1 3 5 4
1 2 4 5 0 3
2 3 5 0 1 4
1 0 2 3 4 5
2 1 4 5 0 3
1 3 5 0 4 2
//Matriz de tiempos (son tfn's: cada tres numeros es un tiempo)
(1,1,3) (1,3,5) (4,6,8) (5,7,8) (1,3,5) (4,6,8)
(6,8,9) (3,5,6) (9,10,11) (9,10,11) (9,10,11) (2,4,6)
(4,5,7) (2,4,5) (7,8,10) (7,9,10) (1,1,3) (5,7,8)
(4,5,7) (4,5,7) (3, 5, 6) (1, 3,5) (7,8,10) (7,9,10)
(7,9,10) (1,3,5) (3, 5, 6) (2,4,6) (1 ,3,5) (1,1,3)
(1,3,5) (1,3,5) (7,9,10) (9,10,11) (2, 4, 6) (1,1,3)
TIEMPOS MAXIMOS DE FIN
(0,0) (0,0) (0,0) (0,0) (0,0) (0,0)
