NUMERO DE TRABAJOS
10
NUMERO DE RECURSOS
10
SECUENCIA DE MAQUINAS
0 1 2 3 4 5 6 7 8 9 
0 2 4 9 3 1 6 5 7 8 
1 0 3 2 8 5 7 6 9 4 
1 2 0 4 6 8 7 3 9 5 
2 0 1 5 3 4 8 7 9 6 
2 1 5 3 8 9 0 6 4 7 
1 0 3 2 6 5 9 8 7 4 
2 0 1 5 4 6 8 9 7 3 
0 1 3 5 2 9 6 7 4 8 
1 0 2 6 8 9 5 3 4 7 
DURACIONES
(25,29,33) (74,78,82) (9,9,9) (32,36,40) (49,49,49) (11,11,11) (59,62,65) (56,56,56) (39,44,49) (20,21,22) 
(39,43,47) (89,90,91) (67,75,83) (11,11,11) (63,69,75) (25,28,31) (46,46,46) (43,46,49) (71,72,73) (27,30,33) 
(86,91,96) (77,85,93) (34,39,44) (64,74,84) (89,90,91) (10,10,10) (11,12,13) (87,89,91) (41,45,49) (31,33,35) 
(79,81,83) (94,95,96) (62,71,80) (92,99,106) (9,9,9) (46,52,58) (74,85,96) (90,98,106) (21,22,23) (41,43,45) 
(13,14,15) (6,6,6) (22,22,22) (53,61,69) (25,26,27) (64,69,74) (20,21,22) (46,49,52) (72,72,72) (46,53,60) 
(75,84,93) (2,2,2) (52,52,52) (89,95,101) (43,48,53) (70,72,74) (44,47,50) (62,65,68) (6,6,6) (23,25,27) 
(43,46,49) (34,37,40) (60,61,62) (13,13,13) (28,32,36) (20,21,22) (29,32,35) (83,89,95) (29,30,31) (54,55,56) 
(29,31,33) (86,86,86) (46,46,46) (65,74,83) (29,32,35) (79,88,97) (17,19,21) (45,48,51) (35,36,37) (69,79,89) 
(72,76,80) (63,69,75) (67,76,85) (51,51,51) (77,85,93) (10,11,12) (36,40,44) (83,89,95) (26,26,26) (73,74,75) 
(81,85,89) (13,13,13) (58,61,64) (7,7,7) (59,64,69) (70,76,82) (46,47,48) (50,52,54) (82,90,98) (41,45,49) 
TIEMPOS MAXIMOS DE FIN
(693,693) (937,937) (984,984) (1083,1083) (733,733) (780,780) (838,838) (856,856) (1069,1069) (836,836) 
DESV:0.0583759