NUMERO DE TRABAJOS
10
NUMERO DE RECURSOS
5
SECUENCIA DE MAQUINAS
1 0 4 3 2 
0 3 4 2 1 
3 4 1 2 0 
1 0 4 2 3 
0 3 2 1 4 
1 2 4 0 3 
3 4 1 2 0 
2 0 1 3 4 
3 1 4 0 2 
4 3 2 1 0 
DURACIONES
(18,21,23) (50,53,55) (88,95,99) (49,55,66) (29,34,42) 
(19,21,21) (45,52,56) (15,16,20) (26,26,30) (71,71,78) 
(38,39,47) (84,98,112) (41,42,48) (29,31,35) (11,12,14) 
(68,77,89) (49,55,67) (77,79,80) (65,66,81) (76,77,84) 
(74,83,95) (32,34,34) (55,64,77) (19,19,20) (33,37,38) 
(51,54,67) (43,43,45) (78,79,91) (85,92,115) (58,62,63) 
(60,69,82) (71,77,79) (87,87,99) (76,87,94) (82,93,105) 
(34,38,47) (51,60,75) (39,41,48) (22,24,26) (83,83,102) 
(15,17,19) (45,49,55) (22,25,31) (43,44,52) (96,98,109) 
(74,77,87) (76,79,95) (37,43,49) (69,75,76) (87,96,97) 
TIEMPOS MAXIMOS DE FIN
(666,666) (666,666) (666,666) (666,666) (666,666) (666,666) (666,666) (666,666) (666,666) (666,666) 
// Desviacion Izda: min(0%), max(15%), promedio(7.31826%)
// Desviacion Dcha: min(0%), max(25%), promedio(13.2305%)
