NUMERO DE TRABAJOS
20
NUMERO DE RECURSOS
5
SECUENCIA DE MAQUINAS
3 0 1 4 2 
1 0 2 3 4 
3 1 0 2 4 
2 0 3 1 4 
2 3 1 0 4 
1 3 2 0 4 
3 1 2 4 0 
4 3 1 2 0 
0 1 2 3 4 
0 4 2 3 1 
0 3 1 2 4 
3 2 4 1 0 
2 1 3 4 0 
2 4 0 1 3 
2 4 3 1 0 
4 3 2 0 1 
1 0 3 4 2 
4 3 0 1 2 
3 1 2 0 4 
0 1 2 4 3 
DURACIONES
(59,60,63) (82,87,113) (71,72,88) (83,95,98) (66,66,69) 
(51,54,62) (48,48,48) (35,39,40) (33,35,42) (5,5,5) 
(20,20,20) (45,46,56) (93,97,115) (20,21,23) (49,55,56) 
(32,37,37) (53,59,68) (17,19,20) (33,34,37) (42,46,51) 
(69,73,89) (22,25,31) (23,24,25) (25,28,31) (23,23,29) 
(74,78,88) (27,28,30) (77,83,92) (41,45,52) (5,5,6) 
(62,71,80) (36,37,45) (11,12,13) (27,29,35) (49,53,67) 
(12,12,14) (32,33,41) (55,55,67) (77,87,110) (37,38,38) 
(46,48,57) (34,40,41) (48,49,56) (73,83,107) (6,7,8) 
(78,90,104) (24,27,33) (63,65,78) (16,17,17) (20,23,27) 
(59,62,76) (84,85,88) (60,66,80) (77,84,88) (19,19,24) 
(56,59,71) (46,46,57) (13,13,15) (59,64,72) (22,25,32) 
(50,53,68) (64,73,84) (76,80,95) (86,88,92) (39,41,42) 
(52,57,71) (45,47,59) (12,14,18) (59,67,73) (64,74,92) 
(40,41,48) (55,64,74) (78,84,98) (68,78,81) (72,84,85) 
(50,52,66) (26,28,33) (23,26,33) (56,63,68) (41,46,56) 
(10,11,14) (62,64,68) (9,10,12) (68,73,80) (15,17,22) 
(36,38,43) (82,95,113) (79,85,97) (93,97,120) (64,67,85) 
(81,93,104) (60,65,72) (85,95,110) (59,59,69) (46,46,48) 
(58,60,78) (85,85,109) (37,43,43) (84,85,107) (28,32,32) 
TIEMPOS MAXIMOS DE FIN
(1150,1150) (1150,1150) (1150,1150) (1150,1150) (1150,1150) (1150,1150) (1150,1150) (1150,1150) (1150,1150) (1150,1150) (1150,1150) (1150,1150) (1150,1150) (1150,1150) (1150,1150) (1150,1150) (1150,1150) (1150,1150) (1150,1150) (1150,1150) 
// Desviacion Izda: min(0%), max(15%), promedio(6.81278%)
// Desviacion Dcha: min(0%), max(30%), promedio(15.2858%)
