NUMERO DE TRABAJOS
20
NUMERO DE RECURSOS
5
SECUENCIA DE MAQUINAS
3 4 2 0 1 
1 4 0 2 3 
2 3 1 4 0 
0 3 4 1 2 
2 4 3 0 1 
0 4 3 2 1 
2 0 1 4 3 
3 2 1 4 0 
1 2 4 0 3 
3 2 0 4 1 
4 2 0 1 3 
3 1 0 2 4 
1 3 0 4 2 
4 0 3 2 1 
2 1 4 3 0 
4 1 3 0 2 
1 0 4 3 2 
0 4 2 1 3 
1 4 0 3 2 
3 1 0 2 4 
DURACIONES
(5,5,5) (57,58,65) (38,44,45) (8,9,11) (57,58,58) 
(87,89,98) (89,96,96) (97,97,119) (83,84,96) (69,77,86) 
(79,81,82) (83,85,105) (83,87,103) (38,39,43) (68,77,79) 
(13,15,15) (51,57,66) (64,73,80) (20,21,23) (29,31,34) 
(45,48,59) (62,71,88) (66,70,72) (36,40,44) (48,49,62) 
(10,10,11) (79,82,89) (32,34,38) (72,80,93) (20,22,28) 
(16,17,18) (49,55,65) (86,91,103) (67,75,88) (6,7,7) 
(42,47,51) (54,62,62) (65,72,88) (30,35,38) (11,11,12) 
(81,90,114) (93,94,99) (47,50,62) (55,64,82) (70,75,94) 
(14,15,18) (60,67,73) (11,12,13) (20,20,25) (64,71,78) 
(83,93,95) (29,29,34) (47,52,61) (56,57,58) (58,68,75) 
(69,77,78) (82,93,103) (52,58,67) (66,70,90) (6,7,8) 
(54,63,79) (25,27,29) (86,95,99) (6,6,6) (78,82,85) 
(33,36,44) (25,26,32) (41,48,62) (49,56,60) (76,87,108) 
(35,36,42) (7,8,9) (14,15,17) (66,76,79) (31,36,36) 
(75,78,99) (79,84,98) (36,41,53) (27,30,33) (67,76,93) 
(69,78,99) (72,75,79) (77,88,108) (12,13,14) (71,81,102) 
(51,54,62) (34,40,48) (13,13,14) (78,82,101) (28,29,36) 
(23,26,29) (75,82,91) (47,52,60) (6,6,6) (6,6,7) 
(54,54,57) (62,64,83) (54,54,69) (28,32,32) (87,88,111) 
TIEMPOS MAXIMOS DE FIN
(1292,1292) (1292,1292) (1292,1292) (1292,1292) (1292,1292) (1292,1292) (1292,1292) (1292,1292) (1292,1292) (1292,1292) (1292,1292) (1292,1292) (1292,1292) (1292,1292) (1292,1292) (1292,1292) (1292,1292) (1292,1292) (1292,1292) (1292,1292) 
// Desviacion Izda: min(0%), max(15%), promedio(7.47169%)
// Desviacion Dcha: min(0%), max(29.6875%), promedio(13.7997%)
