NUMERO DE TRABAJOS
10
NUMERO DE RECURSOS
10
SECUENCIA DE MAQUINAS
2 3 5 4 0 7 8 9 1 6 
4 7 1 8 0 3 2 5 9 6 
9 6 4 3 1 0 8 2 7 5 
1 2 7 5 8 4 3 6 9 0 
6 1 3 0 2 8 4 7 9 5 
7 5 8 2 4 6 3 1 9 0 
6 1 4 5 2 3 7 8 9 0 
0 5 8 9 3 6 4 7 2 1 
5 2 3 6 4 7 8 9 1 0 
9 4 6 7 0 2 8 5 3 1 
DURACIONES
(43,44,47) (5,5,5) (54,58,62) (89,97,106) (8,9,10) (78,84,89) (75,77,92) (90,96,111) (57,58,69) (74,89,103) 
(13,15,17) (29,31,35) (71,87,98) (47,57,62) (68,77,91) (81,85,100) (76,81,86) (33,39,45) (66,73,74) (19,21,24) 
(67,82,90) (20,22,25) (9,10,11) (60,70,79) (41,49,53) (33,40,41) (33,34,37) (43,48,56) (76,80,90) (58,71,77) 
(85,91,107) (16,17,20) (53,62,69) (62,75,89) (43,47,49) (9,11,13) (6,7,8) (62,72,74) (30,35,40) (50,55,61) 
(64,71,75) (85,90,104) (69,75,77) (61,64,65) (76,94,111) (13,15,17) (10,12,14) (66,67,78) (17,20,23) (47,50,54) 
(63,70,82) (87,93,96) (71,77,79) (25,29,31) (51,58,63) (89,93,107) (64,68,78) (53,57,65) (6,7,8) (47,52,61) 
(79,87,92) (51,63,67) (23,26,29) (5,6,7) (73,82,97) (24,27,30) (49,56,62) (43,48,50) (35,36,39) (82,95,96) 
(32,36,40) (13,15,17) (34,41,43) (70,78,88) (67,76,83) (75,84,91) (27,30,35) (73,76,80) (31,36,43) (7,8,9) 
(71,88,101) (77,81,94) (11,13,14) (80,82,95) (45,54,60) (12,13,15) (25,29,30) (35,40,42) (77,78,84) (67,75,77) 
(75,88,101) (48,54,59) (54,64,73) (27,32,37) (46,52,57) (5,6,7) (46,54,57) (73,82,97) (5,6,7) (25,26,28) 
