NUMERO DE TRABAJOS
15
NUMERO DE RECURSOS
10
SECUENCIA DE MAQUINAS
9 5 4 2 7 3 1 0 8 6 
3 2 4 1 9 0 6 5 7 8 
8 7 2 0 9 5 6 3 1 4 
3 2 6 4 7 8 5 9 0 1 
4 6 1 2 7 0 8 5 3 9 
6 0 4 3 7 8 1 5 2 9 
3 9 6 5 0 8 4 2 7 1 
4 1 8 0 7 6 5 3 9 2 
9 1 4 3 8 2 6 0 7 5 
3 2 6 9 7 0 4 5 1 8 
1 4 0 2 9 6 7 8 5 3 
1 3 0 2 9 7 8 4 6 5 
5 3 6 1 0 7 8 9 2 4 
1 0 7 4 3 5 9 8 6 2 
4 8 2 3 1 6 7 9 5 0 
DURACIONES
(60,66,78) (78,91,108) (79,87,103) (83,94,109) (18,21,24) (79,92,104) (6,7,8) (11,12,14) (10,11,13) (17,19,22) 
(12,13,15) (17,20,22) (6,7,8) (13,14,16) (61,66,73) (70,75,84) (66,77,88) (14,16,18) (85,95,109) (6,7,8) 
(72,77,87) (18,20,22) (29,34,39) (14,15,17) (75,88,104) (81,89,98) (46,53,63) (5,6,7) (42,45,53) (65,76,87) 
(23,27,30) (64,74,83) (77,88,99) (54,62,73) (45,52,59) (63,69,76) (8,9,10) (84,98,109) (48,52,60) (80,88,98) 
(76,88,100) (13,15,17) (45,52,61) (53,61,70) (49,54,61) (55,62,73) (54,59,67) (8,9,10) (84,90,101) (4,5,7) 
(65,71,81) (37,41,48) (35,38,44) (47,53,62) (80,91,108) (58,68,80) (45,50,56) (72,78,90) (20,23,26) (67,72,81) 
(87,95,113) (32,36,41) (60,66,78) (47,52,61) (41,45,52) (27,30,33) (21,23,26) (23,25,29) (15,17,19) (5,6,7) 
(56,65,72) (7,8,9) (76,85,99) (61,71,82) (58,65,75) (24,28,33) (81,88,104) (71,76,87) (24,27,32) (88,95,113) 
(33,37,42) (32,37,41) (24,28,32) (44,51,58) (77,86,97) (8,9,10) (51,55,65) (64,73,84) (44,51,58) (83,90,100) 
(36,39,45) (14,15,17) (71,83,94) (40,44,51) (46,53,59) (15,16,19) (40,46,52) (21,24,28) (22,25,28) (74,82,93) 
(66,72,81) (43,48,56) (78,87,102) (61,66,77) (4,5,6) (47,54,62) (36,39,44) (31,35,41) (87,95,109) (55,60,71) 
(40,46,51) (17,20,22) (87,97,109) (19,21,24) (40,46,52) (33,37,44) (17,19,21) (55,59,70) (30,34,40) (47,55,62) 
(20,23,27) (23,25,29) (72,78,91) (22,24,28) (26,28,33) (71,83,93) (26,28,32) (4,5,7) (65,73,86) (42,45,51) 
(34,37,41) (48,53,62) (79,87,102) (34,38,45) (66,71,81) (27,29,33) (11,12,14) (29,33,38) (49,55,62) (11,12,14) 
(78,90,104) (15,17,20) (46,49,56) (74,83,93) (34,40,46) (21,23,27) (60,65,72) (24,27,31) (6,7,8) (42,48,55) 
