NUMERO DE TRABAJOS
15
NUMERO DE RECURSOS
10
SECUENCIA DE MAQUINAS
8 4 3 2 0 5 9 1 7 6 
5 3 2 4 6 9 0 1 7 8 
9 1 0 6 4 7 3 5 8 2 
2 1 0 5 4 7 9 8 3 6 
6 2 3 8 4 7 1 5 9 0 
8 2 7 0 5 3 4 6 9 1 
0 2 3 5 4 9 8 6 7 1 
3 7 9 0 2 4 5 1 8 6 
2 3 4 6 1 9 8 0 5 7 
7 8 4 6 0 5 2 9 3 1 
8 6 7 4 5 3 0 2 9 1 
1 5 8 6 4 0 3 2 7 9 
2 6 7 1 4 8 0 3 9 5 
6 2 5 8 1 7 9 4 3 0 
4 7 8 1 3 2 6 9 5 0 
DURACIONES
(13,14,15) (70,75,80) (11,12,13) (35,38,40) (74,76,91) (91,97,112) (11,12,14) (24,29,33) (36,44,52) (62,66,73) 
(31,38,43) (68,82,89) (76,85,100) (55,58,68) (81,87,93) (74,89,103) (39,43,44) (74,80,90) (56,69,76) (86,92,104) 
(5,5,5) (72,84,95) (36,43,46) (40,48,49) (7,8,9) (6,7,8) (40,41,45) (55,61,72) (62,66,75) (12,14,15) 
(39,42,49) (7,8,9) (90,96,115) (16,19,21) (49,59,70) (88,97,101) (64,73,86) (37,43,44) (62,74,85) (37,41,46) 
(50,55,58) (66,70,81) (69,75,77) (40,42,43) (30,37,44) (20,23,27) (39,48,56) (5,5,5) (37,38,44) (6,7,8) 
(8,9,10) (62,72,83) (29,31,34) (71,79,93) (68,73,75) (87,95,97) (22,25,27) (38,43,47) (57,60,69) (52,56,65) 
(91,97,110) (58,64,75) (71,78,83) (17,21,23) (85,94,102) (27,31,37) (47,53,59) (14,16,18) (77,86,89) (6,7,8) 
(84,86,92) (73,85,86) (56,63,69) (52,61,71) (55,65,68) (27,30,34) (28,32,35) (29,33,36) (40,44,52) (56,59,62) 
(39,44,52) (13,16,19) (10,11,13) (39,45,46) (29,30,34) (70,84,93) (85,93,103) (51,60,62) (52,61,64) (89,90,97) 
(32,36,37) (26,31,36) (42,47,52) (43,52,59) (27,32,37) (9,11,12) (24,28,30) (31,35,41) (19,20,21) (45,49,57) 
(18,20,22) (42,49,57) (73,74,82) (9,10,11) (14,17,20) (28,34,40) (74,85,89) (69,77,84) (67,68,75) (80,84,91) 
(73,85,99) (6,7,8) (63,71,83) (51,59,70) (71,76,91) (15,17,20) (25,29,32) (14,17,19) (47,48,55) (12,13,15) 
(14,15,17) (86,87,91) (10,11,13) (32,39,41) (33,39,45) (36,43,51) (17,19,20) (29,32,35) (13,16,19) (63,64,68) 
(28,32,34) (78,92,110) (29,33,34) (66,82,94) (78,83,88) (50,57,60) (92,99,114) (82,91,100) (95,99,110) (7,8,9) 
(86,88,94) (6,7,8) (23,27,28) (36,38,44) (90,91,100) (68,69,77) (19,21,23) (57,62,67) (38,39,40) (47,48,52) 
