NUMERO DE TRABAJOS
20
NUMERO DE RECURSOS
10
SECUENCIA DE MAQUINAS
3 4 5 0 1 9 8 7 6 2 
7 6 0 5 2 3 4 9 8 1 
4 2 1 8 0 3 5 7 9 6 
0 2 9 1 8 3 6 5 7 4 
4 2 9 7 5 6 0 3 8 1 
3 4 2 6 9 1 7 8 0 5 
5 6 4 0 1 7 2 3 9 8 
1 5 4 6 3 0 8 9 7 2 
1 0 6 9 2 4 5 3 8 7 
3 2 7 1 8 0 6 5 9 4 
2 3 5 4 0 7 8 9 1 6 
4 7 1 8 0 3 2 5 9 6 
9 6 4 3 1 0 8 2 7 5 
1 2 7 5 8 4 3 6 9 0 
6 1 3 0 2 8 4 7 9 5 
7 5 8 2 4 6 3 1 9 0 
6 1 4 5 2 3 7 8 9 0 
0 5 8 9 3 6 4 7 2 1 
5 2 3 6 4 7 8 9 1 0 
9 4 6 7 0 2 8 5 3 1 
DURACIONES
(58,60,64) (45,48,51) (88,95,104) (80,87,92) (70,72,86) (5,5,5) (33,35,40) (38,39,46) (45,54,62) (53,66,79) 
(34,37,41) (28,34,38) (81,97,105) (49,55,65) (20,21,25) (19,20,21) (49,59,68) (41,46,47) (17,19,21) (37,46,51) 
(42,45,51) (62,73,83) (20,24,26) (23,28,29) (27,28,31) (23,25,29) (22,23,26) (69,83,90) (5,5,5) (73,78,92) 
(50,53,63) (10,12,14) (10,12,14) (33,37,39) (29,33,39) (61,71,73) (47,55,63) (26,29,32) (79,87,92) (36,38,44) 
(83,90,92) (46,49,50) (22,27,32) (58,65,75) (6,7,8) (19,23,27) (47,48,56) (71,83,95) (16,17,19) (36,40,47) 
(80,85,88) (23,25,26) (74,84,89) (56,64,69) (12,13,15) (62,66,76) (43,46,52) (53,59,69) (56,62,66) (16,19,20) 
(80,88,96) (59,67,79) (12,14,16) (36,41,45) (65,73,76) (56,57,61) (46,53,54) (72,80,88) (40,47,55) (62,74,78) 
(70,78,88) (56,64,70) (56,63,68) (41,46,55) (80,84,88) (74,84,99) (23,28,32) (49,52,60) (22,26,27) (40,41,48) 
(9,11,13) (59,64,71) (82,97,99) (33,38,40) (16,17,19) (76,85,87) (62,73,83) (9,10,11) (85,95,104) (56,67,76) 
(80,93,108) (85,95,103) (37,43,46) (58,65,77) (31,32,34) (54,59,68) (76,85,94) (39,46,54) (84,85,95) (50,60,69) 
(49,61,73) (35,41,43) (44,49,53) (22,23,26) (62,66,72) (42,49,57) (62,70,81) (86,99,118) (84,90,107) (15,17,20) 
(11,13,15) (6,7,8) (82,98,107) (55,57,65) (69,73,82) (68,73,83) (67,68,71) (37,40,47) (81,98,103) (8,9,10) 
(73,86,99) (64,76,91) (12,14,15) (37,41,45) (70,85,101) (36,37,39) (17,19,20) (14,17,20) (48,54,55) (64,79,91) 
(37,40,42) (46,53,56) (90,97,112) (78,87,95) (92,96,107) (82,84,90) (13,16,17) (62,66,76) (51,52,57) (94,95,106) 
(31,33,36) (30,33,36) (86,87,88) (17,18,20) (52,55,63) (11,13,15) (72,77,80) (55,60,61) (36,42,48) (62,74,78) 
(74,92,101) (84,91,104) (68,79,80) (51,54,63) (59,69,82) (71,79,91) (28,33,39) (56,61,67) (36,39,40) (13,16,19) 
(70,82,94) (37,41,44) (27,28,33) (59,64,68) (69,78,89) (65,76,87) (5,6,7) (46,49,55) (40,47,53) (53,58,69) 
(46,52,59) (41,42,46) (21,24,28) (87,91,99) (38,47,48) (78,88,99) (83,91,95) (51,52,58) (26,28,29) (30,35,41) 
(81,82,94) (62,76,89) (83,86,91) (84,93,99) (81,84,100) (36,38,39) (89,95,96) (34,37,38) (19,21,24) (21,23,27) 
(64,77,88) (7,8,9) (36,42,46) (57,64,76) (59,70,81) (43,45,48) (42,45,48) (26,28,32) (60,67,72) (69,86,87) 
