NUMERO DE TRABAJOS
15
NUMERO DE RECURSOS
15
SECUENCIA DE MAQUINAS
4 3 6 14 10 2 9 1 0 7 8 5 12 11 13 
11 4 1 7 8 14 12 0 3 6 9 5 10 13 2 
9 5 2 7 4 12 0 13 6 10 3 11 8 1 14 
5 0 9 6 4 13 7 8 11 12 2 1 10 14 3 
10 4 8 2 0 11 14 9 6 7 1 13 3 5 12 
0 2 4 13 3 12 14 6 1 9 11 8 7 10 5 
8 4 12 0 7 11 6 10 3 13 1 5 14 2 9 
4 13 11 3 7 9 1 2 12 8 14 0 10 6 5 
5 1 6 8 13 10 2 3 7 11 14 4 0 9 12 
11 5 4 8 7 0 9 6 14 3 10 13 2 12 1 
7 3 0 4 12 14 10 1 9 13 5 8 2 11 6 
1 2 3 5 4 6 9 7 10 8 11 13 12 0 14 
3 7 13 5 11 12 2 4 10 1 9 6 14 8 0 
9 7 5 14 10 4 11 2 1 3 13 6 0 12 8 
9 10 11 14 8 0 7 6 12 1 2 13 4 3 5 
DURACIONES
(20,21,23) (51,55,59) (65,71,78) (91,98,104) (11,12,14) (32,34,39) (15,16,19) (17,21,25) (43,53,63) (24,26,29) (42,52,59) (80,95,102) (27,31,37) (40,42,50) (36,39,42) 
(45,54,63) (75,83,84) (71,77,87) (52,64,70) (32,34,38) (67,79,89) (36,43,46) (46,55,56) (76,77,85) (17,19,22) (35,37,42) (66,79,86) (86,92,108) (58,62,74) (56,66,73) 
(69,83,99) (70,77,81) (76,87,103) (33,38,39) (51,60,69) (89,98,109) (84,93,99) (16,17,20) (37,41,42) (42,44,45) (56,69,81) (43,49,56) (20,24,28) (86,87,102) (22,25,28) 
(73,77,84) (86,96,114) (26,28,29) (6,7,8) (87,95,97) (31,35,37) (31,35,38) (73,76,88) (8,9,10) (90,95,109) (40,43,49) (68,75,87) (55,61,65) (9,10,11) (64,79,84) 
(79,87,95) (25,28,33) (45,50,55) (52,59,65) (41,46,48) (44,45,48) (8,9,10) (37,43,44) (46,52,57) (23,27,32) (76,91,95) (36,41,47) (14,16,18) (53,59,64) (35,39,46) 
(19,20,21) (62,71,84) (63,78,89) (63,66,77) (12,14,15) (7,8,9) (41,42,49) (23,28,31) (49,54,60) (28,33,34) (77,89,93) (25,26,28) (33,37,38) (28,33,38) (38,43,47) 
(58,69,78) (82,96,112) (15,17,19) (59,69,73) (40,45,53) (30,31,33) (71,78,90) (18,20,22) (23,27,32) (86,87,97) (61,74,85) (68,84,100) (65,76,80) (85,94,102) (80,81,90) 
(55,58,63) (78,90,105) (67,76,89) (70,81,97) (21,23,27) (24,28,32) (15,18,20) (27,32,35) (84,86,98) (93,99,111) (91,97,110) (23,24,25) (42,45,53) (59,72,76) (22,25,29) 
(23,27,32) (41,46,49) (60,67,74) (22,27,32) (18,19,20) (70,80,83) (14,17,20) (42,48,49) (50,62,71) (11,12,13) (24,28,30) (91,98,113) (38,42,46) (46,48,54) (49,50,53) 
(31,37,38) (76,80,91) (74,75,82) (54,55,61) (47,50,54) (87,94,101) (13,14,15) (40,41,44) (68,72,83) (41,50,58) (57,61,63) (73,79,80) (84,98,112) (15,18,19) (51,63,69) 
(60,65,74) (82,96,97) (44,47,55) (65,75,89) (62,69,79) (50,58,69) (30,33,36) (66,71,72) (18,22,25) (27,32,37) (52,57,61) (77,79,92) (13,14,15) (27,31,36) (52,60,68) 
(32,34,38) (40,47,53) (53,58,69) (45,51,58) (61,62,67) (39,44,52) (7,8,9) (16,17,19) (78,97,98) (26,29,33) (14,15,16) (65,66,74) (37,40,42) (38,44,52) (37,38,44) 
(41,50,58) (55,57,60) (55,61,65) (19,20,23) (81,85,86) (84,90,91) (53,58,60) (59,63,70) (78,84,97) (33,39,44) (75,87,94) (18,21,25) (47,56,65) (30,32,35) (53,57,61) 
(78,84,97) (40,45,48) (13,15,16) (37,41,47) (16,18,19) (78,82,86) (24,29,34) (69,70,79) (66,67,77) (27,30,35) (46,50,56) (20,23,25) (18,20,21) (18,21,25) (34,38,41) 
(31,37,40) (72,81,97) (59,61,72) (50,57,60) (53,57,67) (49,52,53) (69,74,85) (57,62,71) (25,30,33) (49,52,60) (33,38,42) (57,68,69) (53,54,57) (48,54,57) (15,16,18) 
