NUMERO DE TRABAJOS
15
NUMERO DE RECURSOS
15
SECUENCIA DE MAQUINAS
1 12 0 6 14 8 4 3 10 11 5 13 2 7 9 
14 0 4 12 1 8 9 5 10 6 11 3 2 7 13 
3 4 12 6 7 14 13 8 11 10 0 1 9 5 2 
14 11 4 1 8 0 9 7 12 13 5 6 2 3 10 
2 0 9 3 10 13 11 14 7 5 4 8 1 12 6 
11 6 4 3 14 5 10 9 1 8 7 2 13 12 0 
14 7 10 13 3 0 11 12 9 5 8 1 2 6 4 
7 14 5 11 4 6 3 0 8 10 12 13 1 2 9 
13 8 2 9 12 11 5 10 6 7 0 1 3 4 14 
1 6 5 11 4 0 14 8 10 7 12 2 13 9 3 
10 4 12 0 9 1 11 6 5 8 3 7 14 2 13 
5 14 2 3 13 6 1 7 4 8 12 11 10 9 0 
9 14 3 8 2 6 1 4 5 0 13 10 12 11 7 
10 3 4 5 11 1 8 2 13 0 7 12 6 14 9 
3 5 11 7 14 9 6 10 0 1 2 8 13 12 4 
DURACIONES
(25,26,28) (62,67,71) (66,72,79) (68,74,78) (12,13,15) (40,43,50) (29,30,35) (16,19,22) (19,23,27) (80,85,94) (80,98,111) (36,43,47) (34,38,45) (7,8,9) (71,75,88) 
(39,42,45) (33,39,45) (50,55,56) (42,46,52) (16,19,21) (87,93,105) (68,80,90) (21,26,28) (6,7,8) (42,50,51) (56,57,63) (66,73,85) (8,9,10) (58,61,69) (59,72,78) 
(90,96,113) (93,99,118) (29,34,38) (50,60,71) (39,43,45) (6,7,8) (10,12,14) (9,11,12) (59,70,80) (39,43,48) (82,91,97) (64,68,79) (10,11,12) (64,68,69) (58,72,85) 
(56,63,73) (37,45,52) (48,49,57) (64,74,85) (25,27,30) (27,30,35) (67,72,74) (8,9,10) (91,99,101) (53,60,63) (61,69,74) (66,69,79) (79,84,96) (37,40,45) (53,59,69) 
(83,91,96) (61,75,80) (89,98,107) (15,17,20) (64,72,80) (27,31,34) (8,9,10) (87,98,102) (49,50,54) (32,37,38) (7,8,9) (58,65,71) (77,90,105) (76,91,95) (63,71,81) 
(31,35,38) (72,80,87) (35,39,46) (59,62,65) (65,74,87) (58,72,83) (33,35,40) (22,25,26) (48,49,57) (43,52,58) (58,63,70) (77,90,92) (18,21,22) (46,47,51) (34,38,39) 
(16,19,22) (51,57,63) (20,24,27) (78,91,106) (45,50,54) (5,5,5) (42,49,52) (16,18,21) (56,58,61) (22,24,28) (46,52,58) (75,88,103) (67,68,76) (17,20,23) (43,53,63) 
(66,77,81) (65,72,79) (34,35,39) (85,90,98) (58,68,80) (16,18,21) (8,9,10) (29,33,39) (56,60,71) (16,18,21) (9,10,11) (51,60,66) (32,38,42) (97,99,112) (14,15,17) 
(5,6,7) (81,86,98) (39,40,42) (73,79,94) (76,92,97) (20,23,27) (76,89,106) (85,95,100) (82,91,100) (59,72,86) (78,80,85) (52,60,63) (48,56,67) (45,51,52) (19,23,26) 
(43,46,49) (24,28,30) (32,34,39) (69,77,84) (45,47,53) (9,10,11) (48,49,52) (65,77,78) (45,48,55) (23,24,26) (7,8,9) (71,72,80) (52,55,59) (27,29,31) (39,40,41) 
(21,22,24) (84,89,102) (65,79,91) (6,7,8) (14,15,16) (5,6,7) (28,30,31) (32,38,44) (9,11,12) (42,52,57) (18,20,23) (5,5,5) (8,9,10) (17,20,21) (26,28,33) 
(63,73,87) (50,56,65) (32,37,44) (20,22,24) (23,25,26) (47,58,67) (7,8,9) (79,93,106) (81,88,94) (16,17,20) (8,9,10) (63,69,74) (63,71,82) (73,85,96) (51,55,62) 
(72,85,96) (53,58,69) (40,46,53) (63,64,69) (44,49,58) (35,37,40) (27,33,34) (27,30,34) (23,26,27) (19,20,22) (69,74,77) (66,77,92) (98,99,113) (45,56,66) (20,21,22) 
(15,17,18) (23,24,28) (85,89,90) (14,15,16) (55,60,62) (39,42,47) (91,98,113) (54,64,73) (79,92,99) (56,63,75) (43,52,61) (52,54,58) (70,75,80) (21,23,27) (34,38,41) 
(7,8,9) (14,17,18) (51,56,64) (81,93,95) (24,26,27) (51,62,74) (6,7,8) (87,88,100) (95,97,112) (6,7,8) (39,43,51) (27,29,33) (30,35,38) (77,87,89) (50,57,67) 
