10 14 7 4 6 3 2 12 11 13 8 5 9 1 0
6 9 10 5 11 3 8 0 4 13 12 7 2 14 1 
0 3 10 5 7 8 6 11 1 13 14 9 4 12 2 
5 6 0 12 11 2 4 3 7 13 14 10 9 8 1 
12 9 3 14 13 1 6 11 8 5 2 0 10 7 4 
13 12 11 5 4 2 9 8 1 7 6 3 14 10 0 
10 13 9 12 11 6 0 2 8 5 7 14 4 3 1 
7 10 8 6 9 11 4 14 5 3 12 1 13 2 0 
4 1 3 2 0 8 6 5 12 9 11 14 10 13 7 
2 5 9 10 4 13 6 7 0 1 3 14 12 8 11 
3 6 13 8 1 5 12 4 9 0 11 7 14 10 2 
14 10 5 11 12 0 9 6 2 1 8 7 4 13 3 
7 0 4 5 9 10 12 13 8 6 11 14 3 2 1 
3 4 0 2 10 12 8 5 9 7 6 11 13 1 14 
3 7 0 1 10 12 5 6 14 9 8 13 11 2 4
(49,51,55) (40,43,46) (74,80,88) (16,18,19) (37,38,45) (22,24,28) (66,67,80) (13,15,17) (20,24,28) (67,72,80) (37,45,51) (67,80,86) (57,64,76) (42,44,52) (82,88,94) 
(34,40,46) (80,88,89) (71,77,87) (48,59,65) (19,20,22) (44,52,59) (58,70,75) (33,40,41) (31,32,35) (69,76,89) (41,43,49) (25,31,34) (19,21,25) (5,5,5) (44,47,56) 
(27,32,36) (41,49,58) (5,5,5) (58,64,67) (51,58,68) (69,80,82) (79,94,108) (10,11,13) (23,26,28) (24,26,30) (54,59,61) (81,85,87) (38,47,56) (85,96,111) (12,14,16) 
(22,23,27) (8,9,10) (65,75,86) (35,37,40) (38,43,51) (74,79,81) (69,75,77) (30,34,36) (18,20,22) (9,10,11) (79,83,96) (64,68,78) (49,52,59) (60,66,77) (8,9,10) 
(63,69,73) (48,59,63) (25,28,31) (55,62,73) (32,36,40) (22,26,29) (75,84,87) (15,16,18) (47,54,55) (37,42,46) (46,54,63) (5,6,7) (34,40,42) (79,88,99) (70,79,86) 
(70,78,85) (48,53,63) (16,17,18) (26,29,34) (66,82,94) (22,23,27) (10,12,13) (63,64,74) (71,86,96) (54,59,66) (5,5,5) (58,68,70) (51,59,62) (12,13,14) (50,56,57) 
(71,83,95) (41,46,51) (6,7,8) (55,65,74) (59,69,80) (55,62,67) (13,16,17) (52,58,69) (64,66,70) (76,83,96) (80,90,100) (36,42,49) (80,81,91) (57,69,79) (69,85,101) 
(63,73,77) (64,71,78) (63,64,71) (9,10,11) (19,20,22) (85,99,116) (21,24,28) (57,65,77) (76,82,98) (62,72,82) (36,43,48) (68,82,90) (26,27,31) (22,24,27) (31,33,37) 
(81,82,86) (31,34,40) (76,92,97) (7,8,9) (32,38,44) (38,45,53) (18,21,23) (32,35,38) (42,52,62) (34,35,37) (13,15,16) (20,23,27) (5,6,7) (73,83,85) (25,30,34) 
(79,84,89) (6,7,8) (58,66,69) (5,6,7) (26,28,32) (24,27,30) (76,79,88) (68,70,75) (73,85,86) (89,94,108) (59,60,66) (79,80,89) (37,39,42) (61,66,71) (28,29,30) 
(43,44,47) (55,58,67) (12,14,16) (61,65,67) (66,72,73) (12,14,16) (44,52,55) (17,21,23) (23,25,28) (5,5,5) (44,51,52) (57,61,71) (47,55,65) (38,42,48) (31,36,43) 
(39,43,47) (67,72,73) (64,78,90) (10,12,14) (15,17,18) (44,46,54) (24,27,29) (45,51,59) (54,63,72) (74,79,89) (67,79,89) (84,91,109) (43,49,56) (25,26,29) (83,93,111) 
(47,49,53) (40,49,50) (63,71,80) (71,78,81) (43,44,49) (38,41,43) (78,91,108) (83,84,96) (74,91,107) (20,21,22) (42,47,50) (27,28,33) (58,61,62) (65,70,71) (86,93,96) 
(23,25,28) (79,85,98) (55,66,76) (39,45,49) (85,95,113) (17,21,25) (80,84,90) (22,24,26) (49,53,61) (60,67,72) (73,91,92) (10,11,13) (28,32,33) (28,30,31) (74,89,105) 
(91,92,104) (91,93,107) (89,99,118) (37,40,45) (32,37,41) (61,69,70) (58,66,78) (51,57,61) (18,22,24) (39,44,52) (71,73,85) (86,97,101) (17,18,21) (65,69,70) (38,41,48) 
