9 10 4 12 2 14 5 8 6 3 1 7 13 11 0
0 1 11 2 4 9 14 8 13 12 6 3 10 5 7 
14 3 1 12 6 5 8 11 7 10 2 13 0 9 4 
1 6 7 4 14 10 9 5 11 2 13 8 3 12 0 
12 5 9 4 14 13 0 8 11 1 2 7 6 10 3 
1 5 2 13 4 14 6 7 9 10 11 0 3 12 8 
9 7 6 14 3 13 2 4 12 8 1 10 0 5 11 
3 7 4 8 5 2 14 12 11 0 13 10 1 6 9 
3 8 6 9 14 1 5 4 13 7 11 12 10 2 0 
0 5 7 4 10 12 1 13 6 8 11 9 2 14 3 
2 0 6 4 3 5 12 9 14 13 8 7 11 10 1 
10 14 4 9 3 1 12 13 6 8 11 7 5 2 0 
0 13 3 6 1 14 11 4 10 9 5 8 7 2 12 
10 12 13 4 1 3 8 5 9 0 6 7 2 14 11 
1 10 6 12 4 8 3 7 13 11 5 9 2 14 0
(56,65,74) (26,28,30) (70,74,78) (30,33,36) (47,51,55) (70,75,80) (71,73,75) (29,32,35) (12,13,14) (74,81,88) (31,35,39) (59,59,59) (33,38,43) (48,55,62) (25,27,29) 
(62,64,66) (53,53,53) (82,83,84) (31,33,35) (6,6,6) (49,52,55) (70,72,74) (6,7,8) (79,90,101) (21,21,21) (23,23,23) (10,10,10) (35,39,43) (49,49,49) (72,72,72) 
(69,73,77) (80,82,84) (20,23,26) (55,62,69) (87,88,89) (19,21,23) (57,65,73) (69,70,71) (51,53,55) (73,81,89) (91,93,95) (77,77,77) (58,61,64) (27,28,29) (77,78,79) 
(11,12,13) (50,51,52) (32,33,34) (15,15,15) (72,72,72) (87,98,109) (82,94,106) (12,12,12) (37,42,47) (22,24,26) (14,15,16) (26,28,30) (6,6,6) (91,99,107) (38,41,44) 
(95,97,99) (7,7,7) (84,96,108) (15,15,15) (64,73,82) (39,43,47) (30,32,34) (20,22,24) (42,42,42) (94,94,94) (21,23,25) (74,86,98) (72,78,84) (24,24,24) (31,31,31) 
(69,72,75) (79,88,97) (81,93,105) (13,13,13) (42,44,46) (57,66,75) (61,63,65) (13,14,15) (63,67,71) (17,17,17) (76,85,94) (35,35,35) (65,68,71) (5,5,5) (48,49,50) 
(15,15,15) (79,82,85) (21,21,21) (48,53,58) (68,72,76) (49,49,49) (88,99,110) (25,26,27) (49,56,63) (44,45,46) (63,68,73) (49,51,53) (8,8,8) (25,27,29) (84,96,108) 
(51,54,57) (21,24,27) (13,14,15) (38,38,38) (33,36,39) (50,52,54) (53,55,57) (35,37,39) (46,48,50) (81,93,105) (59,60,61) (69,70,71) (23,23,23) (21,23,25) (72,83,94) 
(12,12,12) (60,69,78) (23,26,29) (22,23,24) (26,28,30) (80,82,84) (29,33,37) (44,45,46) (55,64,73) (13,15,17) (8,9,10) (70,73,76) (56,59,62) (33,37,41) (57,62,67) 
(87,87,87) (12,12,12) (80,80,80) (48,50,52) (45,48,51) (78,90,102) (69,72,75) (23,24,25) (14,14,14) (71,71,71) (42,44,46) (43,46,49) (15,15,15) (53,61,69) (81,92,103) 
(48,54,60) (22,22,22) (53,61,69) (44,46,48) (65,73,81) (16,16,16) (6,6,6) (84,94,104) (90,93,96) (65,67,69) (47,54,61) (72,75,78) (30,32,34) (36,40,44) (83,97,111) 
(81,92,103) (36,36,36) (22,22,22) (9,9,9) (42,47,52) (77,77,77) (78,79,80) (31,36,41) (30,30,30) (84,98,112) (68,79,90) (7,7,7) (49,55,61) (6,6,6) (27,30,33) 
(48,49,50) (71,83,95) (66,73,80) (74,82,90) (71,82,93) (92,92,92) (63,73,83) (31,31,31) (32,35,38) (52,54,56) (6,7,8) (33,37,41) (63,72,81) (46,52,58) (66,76,86) 
(95,98,101) (32,34,36) (52,52,52) (26,26,26) (27,28,29) (39,39,39) (76,80,84) (27,29,31) (70,70,70) (40,43,46) (47,48,49) (56,58,60) (41,45,49) (83,94,105) (96,96,96) 
(66,70,74) (16,17,18) (83,90,97) (64,67,70) (14,14,14) (22,23,24) (19,21,23) (16,18,20) (39,43,47) (80,84,88) (26,26,26) (35,36,37) (91,93,95) (76,84,92) (38,42,46) 
TIEMPOS MAXIMOS DE FIN
(1677,1677) (1277,1277) (1508,1508) (1554,1554) (1366,1366) (1535,1535) (1656,1656) (1295,1295) (1179,1179) (1461,1461) (1368,1368) (1392,1392) (1365,1365) (1468,1468) (1348,1348) 
DESV:0.0594163