9 10 4 12 2 14 5 8 6 3 1 7 13 11 0
0 1 11 2 4 9 14 8 13 12 6 3 10 5 7 
14 3 1 12 6 5 8 11 7 10 2 13 0 9 4 
1 6 7 4 14 10 9 5 11 2 13 8 3 12 0 
12 5 9 4 14 13 0 8 11 1 2 7 6 10 3 
1 5 2 13 4 14 6 7 9 10 11 0 3 12 8 
9 7 6 14 3 13 2 4 12 8 1 10 0 5 11 
3 7 4 8 5 2 14 12 11 0 13 10 1 6 9 
3 8 6 9 14 1 5 4 13 7 11 12 10 2 0 
0 5 7 4 10 12 1 13 6 8 11 9 2 14 3 
2 0 6 4 3 5 12 9 14 13 8 7 11 10 1 
10 14 4 9 3 1 12 13 6 8 11 7 5 2 0 
0 13 3 6 1 14 11 4 10 9 5 8 7 2 12 
10 12 13 4 1 3 8 5 9 0 6 7 2 14 11 
1 10 6 12 4 8 3 7 13 11 5 9 2 14 0
(56,65,76) (26,28,31) (66,74,85) (27,33,37) (45,51,57) (74,75,87) (59,73,74) (26,32,37) (12,13,15) (71,81,84) (31,35,38) (54,59,61) (35,38,43) (49,55,65) (26,27,30) 
(57,64,72) (49,53,60) (69,83,84) (30,33,39) (5,6,7) (46,52,59) (71,72,86) (6,7,8) (76,90,100) (17,21,25) (20,23,26) (9,10,11) (35,39,45) (46,49,55) (59,72,74) 
(72,73,81) (72,82,94) (21,23,25) (61,62,74) (72,88,97) (20,21,22) (60,65,66) (69,70,73) (48,53,55) (69,81,97) (92,93,103) (72,77,91) (57,61,63) (23,28,30) (67,78,80) 
(10,12,14) (46,51,53) (28,33,34) (13,15,17) (64,72,78) (86,98,115) (93,94,106) (10,12,13) (39,42,48) (23,24,28) (14,15,16) (26,28,33) (5,6,7) (93,99,102) (37,41,49) 
(88,97,105) (6,7,8) (92,96,105) (13,15,17) (69,73,87) (36,43,44) (27,32,38) (18,22,26) (34,42,48) (83,94,100) (21,23,26) (85,86,103) (69,78,82) (23,24,27) (28,31,33) 
(59,72,76) (79,88,89) (88,93,108) (11,13,15) (38,44,52) (64,66,78) (58,63,64) (12,14,16) (64,67,78) (15,17,18) (84,85,90) (34,35,37) (66,68,74) (5,5,5) (45,49,51) 
(14,15,17) (81,82,85) (19,21,25) (44,53,60) (62,72,86) (40,49,56) (95,99,101) (23,26,28) (55,56,62) (37,45,52) (62,68,79) (43,51,57) (7,8,9) (26,27,31) (78,96,98) 
(51,54,55) (22,24,25) (13,14,16) (32,38,40) (29,36,42) (42,52,60) (45,55,60) (35,37,38) (46,48,52) (88,93,107) (55,60,64) (69,70,74) (21,23,27) (21,23,26) (75,83,89) 
(11,12,13) (68,69,79) (21,26,27) (21,23,26) (27,28,33) (80,82,83) (31,33,35) (41,45,49) (59,64,71) (14,15,17) (8,9,10) (62,73,74) (54,59,68) (36,37,38) (58,62,67) 
(85,87,97) (11,12,14) (68,80,94) (42,50,57) (42,48,50) (77,90,100) (60,72,84) (20,24,25) (13,14,16) (66,71,73) (41,44,49) (37,46,51) (13,15,16) (56,61,65) (88,92,108) 
(51,54,59) (20,22,26) (53,61,63) (43,46,49) (68,73,75) (15,16,18) (5,6,7) (93,94,103) (89,93,96) (55,67,75) (48,54,62) (64,75,87) (31,32,35) (34,40,41) (78,97,115) 
(89,92,107) (31,36,39) (20,22,23) (8,9,10) (41,47,56) (65,77,83) (70,79,93) (30,36,39) (26,30,32) (89,98,107) (72,79,89) (6,7,8) (46,55,56) (5,6,7) (27,30,31) 
(45,49,52) (69,83,86) (68,73,75) (71,82,88) (67,82,93) (84,92,108) (68,73,78) (28,31,32) (30,35,40) (49,54,64) (6,7,8) (32,37,42) (68,72,82) (44,52,55) (61,76,91) 
(84,98,113) (31,34,37) (44,52,60) (21,26,27) (26,28,32) (36,39,42) (67,80,83) (24,29,32) (58,70,72) (36,43,49) (46,48,55) (48,58,62) (39,45,51) (77,94,104) (93,96,102) 
(68,70,81) (16,17,18) (79,90,104) (63,67,76) (13,14,16) (20,23,27) (17,21,25) (17,18,19) (36,43,47) (75,84,85) (21,26,30) (30,36,41) (82,93,94) (76,84,92) (40,42,50) 
