//Numero de trabajos
15
//Numero de tareas
10
//Matriz de operaciones
2 3 5 9 4 6 0 8 1 7
3 2 0 1 9 8 6 5 4 7
1 0 3 4 6 9 8 5 2 7
4 2 8 5 3 7 1 6 9 0
8 9 2 4 3 0 7 6 1 5
8 7 6 9 2 1 5 4 0 3
4 5 9 3 0 8 6 7 2 1
5 4 2 6 1 7 0 3 9 8
1 5 0 3 2 7 8 6 9 4
2 5 6 9 1 3 8 0 7 4
1 4 0 2 9 8 5 3 7 6
5 9 0 4 6 3 2 1 8 7
5 9 8 7 4 6 3 0 1 2
1 8 0 2 9 3 5 6 4 7
4 3 6 5 2 8 1 9 7 0
//Matriz de tiempos (son tfn´s: cada tres numeros es un tiempo)
(2,4,7) (9,13,16) (5,8,11) (8,11,15) (10,15,20) (7,11,14) (9,14,17) (7,11,15) (10,14,17) (6,9,12) 
(8,11,15) (7,10,12) (4,6,8) (11,15,20) (12,17,21) (9,11,15) (8,12,16) (5,6,9) (8,10,13) (7,11,15) 
(7,9,12) (6,7,9) (9,13,17) (10,15,20) (5,8,12) (11,17,19) (8,12,16) (7,9,13) (8,13,17) (9,14,18) 
(10,14,18) (11,15,21) (9,13,17) (8,12,16) (7,11,12) (11,15,19) (10,14,18) (8,13,17) (9,14,18) (3,5,8) 
(7,10,13) (7,11,15) (8,12,15) (9,13,16) (10,14,17) (9,12,16) (10,15,17) (10,13,15) (11,14,17) (9,12,16) 
(11,15,21) (9,15,18) (8,12,16) (10,13,16) (7,11,14) (9,13,17) (8,12,15) (10,14,17) (8,12,18) (12,17,20) 
(6,9,12) (7,10,13) (8,11,15) (9,12,16) (7,11,14) (8,10,14) (10,14,16) (7,11,15) (7,10,11) (5,8,11) 
(9,12,16) (7,10,13) (8,11,14) (6,9,13) (4,7,9) (9,13,17) (8,10,13) (7,8,11) (8,9,12) (6,8,10) 
(5,8,11) (7,12,14) (8,10,13) (6,7,8) (4,5,8) (7,9,11) (8,11,13) (9,10,14) (7,9,12) (6,8,12) 
(4,5,8) (7,10,12) (8,12,16) (5,8,11) (3,5,8) (4,7,9) (6,9,12) (7,10,12) (5,7,9) (10,14,17) 
(7,8,11) (8,9,12) (3,5,8) (5,7,10) (6,9,11) (8,10,13) (7,10,11) (4,5,7) (7,11,12) (9,13,17) 
(6,8,11) (4,7,10) (5,6,9) (6,9,12) (5,8,10) (3,5,9) (4,6,9) (5,8,12) (6,9,12) (4,7,10) 
(3,5,9) (7,10,12) (5,7,9) (6,9,11) (4,6,9) (8,10,13) (9,11,15) (7,11,13) (5,8,9) (7,8,10) 
(5,8,11) (5,7,8) (4,5,8) (7,11,14) (6,9,12) (5,9,10) (4,5,6) (8,11,14) (6,9,13) (5,8,11) 
(8,11,15) (7,10,12) (6,9,10) (5,9,10) (7,9,12) (8,10,13) (4,6,9) (4,7,10) (6,7,11) (3,5,8) 
