//Numero de trabajos
15
//Numero de tareas
10
//Matriz de operaciones
9 5 4 2 7 3 1 0 8 6
3 2 4 1 9 0 6 5 7 8
8 7 2 0 9 5 6 3 1 4
3 2 6 4 7 8 5 9 0 1
4 6 1 2 7 0 8 5 3 9
6 0 4 3 7 8 1 5 2 9
3 9 6 5 0 8 4 2 7 1
4 1 8 0 7 6 5 3 9 2
9 1 4 3 8 2 6 0 7 5
3 2 6 9 7 0 4 5 1 8
1 4 0 2 9 6 7 8 5 3
1 3 0 2 9 7 8 4 6 5
5 3 6 1 0 7 8 9 2 4
1 0 7 4 3 5 9 8 6 2
4 8 2 3 1 6 7 9 5 0
//Matriz de tiempos (son tfn´s: cada tres numeros es un tiempo)
(5,7,8) (9,10,13) (4,5,8) (7,8,11) (8,9,11) (5,8,9) (6,7,10) (4,6,9) (8,11,14) (4,7,9)
(3,5,8) (6,8,10) (7,10,12) (4,5,8) (2,4,6) (5,8,11) (6,9,12) (4,5,7) (3,4,6) (6,8,11)
(6,9,10) (3,5,7) (2,4,6) (4,6,8) (5,7,9) (7,10,11) (5,6,9) (4,5,8) (1,3,5) (7,11,13)
(7,11,14) (8,12,16) (6,9,11) (5,8,10) (9,13,17) (10,14,18) (4,7,9) (8,10,13) (3,5,7) (6,8,10)
(5,6,8) (7,9,10) (8,11,16) (3,4,5) (10,14,18) (7,10,13) (7,11,14) (6,8,9) (7,8,10) (2,3,6)
(8,12,16) (6,9,12) (7,10,12) (5,8,11) (4,6,9) (3,5,8) (6,9,12) (4,5,8) (8,12,16) (9,13,19)
(10,14,17) (9,13,15) (11,15,19) (7,11,14) (9,14,18) (6,10,11) (7,11,12) (12,18,21) (8,10,13) (10,12,14)
(7,11,14) (3,5,8) (6,9,12) (4,6,9) (10,14,18) (5,8,11) (6,7,9) (4,7,10) (4,5,8) (9,13,17)
(13,17,22) (11,14,17) (9,11,16) (7,10,12) (6,9,13) (7,11,14) (5,7,10) (8,12,16) (11,17,21) (1,2,3)
(8,12,15) (7,10,13) (9,12,16) (10,13,15) (8,10,13) (7,9,11) (6,8,10) (7,8,10) (6,7,10) (5,6,8)
(7,11,14) (9,13,17) (6,9,12) (8,10,14) (10,14,17) (8,11,15) (5,8,11) (8,12,16) (6,9,12) (4,6,9)
(4,6,9) (5,7,10) (6,8,11) (5,9,12) (4,7,10) (9,10,14) (7,9,12) (10,14,17) (7,9,11) (5,6,9)
(3,5,8) (5,7,9) (6,8,10) (5,8,11) (4,6,9) (3,4,6) (8,10,13) (4,6,8) (6,8,10) (8,10,13)
(2,3,5) (4,5,8) (6,7,10) (5,6,9) (3,6,9) (7,10,11) (6,9,12) (4,8,9) (5,6,8) (7,8,9)
(5,8,11) (7,10,11) (6,8,9) (5,7,8) (4,6,7) (8,12,16) (5,8,12) (9,13,17) (4,5,7) (3,6,9)
