NUMERO DE TRABAJOS
16
NUMERO DE RECURSOS
16
SECUENCIA DE MAQUINAS
4 14 0 1 13 8 7 10 15 12 5 6 11 9 2 3 
2 13 6 5 12 15 7 9 1 4 14 8 3 0 11 10 
14 2 9 6 1 11 8 5 12 7 4 0 13 10 15 3 
14 3 4 9 12 6 1 0 5 10 2 7 15 8 13 11 
13 15 0 2 3 10 11 12 4 5 1 14 6 7 9 8 
11 13 7 14 3 8 1 10 4 0 6 15 9 5 12 2 
11 13 3 7 2 15 4 12 14 10 1 9 8 5 0 6 
11 14 15 10 6 9 5 4 0 3 1 12 2 8 13 7 
6 7 14 4 0 12 9 2 13 10 1 8 11 3 15 5 
3 14 15 6 10 0 8 1 9 7 13 2 11 5 12 4 
12 10 14 1 2 9 8 4 15 13 6 3 11 7 0 5 
15 7 10 14 2 1 3 11 6 5 8 12 4 9 0 13 
13 10 0 2 7 3 5 6 4 1 11 8 9 14 15 12 
12 14 15 13 11 2 9 10 1 4 5 3 8 7 6 0 
12 11 0 10 5 3 2 9 4 15 6 13 14 7 1 8 
11 3 8 0 2 13 15 10 1 4 6 14 7 9 12 5 
DURACIONES
(4,4,5) (10,10,14) (3,7,10) (2,6,9) (3,3,3) (6,10,13) (3,6,8) (5,8,9) (5,8,8) (6,8,9) (9,13,15) (10,10,14) (5,5,5) (6,9,12) (1,2,5) (3,5,7) 
(8,8,11) (2,5,8) (8,8,12) (6,6,9) (4,6,9) (4,6,10) (4,8,9) (9,11,14) (1,2,5) (5,8,9) (1,5,8) (1,1,4) (8,9,12) (6,7,7) (9,12,16) (5,8,11) 
(10,12,13) (5,5,8) (7,8,8) (6,7,11) (7,11,11) (5,7,7) (4,6,7) (9,11,12) (7,10,14) (5,5,6) (3,3,6) (6,7,8) (2,6,10) (7,9,10) (9,11,11) (6,7,7) 
(2,2,3) (8,9,9) (1,3,7) (4,7,8) (3,6,8) (4,8,11) (5,8,9) (9,13,15) (4,8,11) (1,1,4) (9,9,9) (2,6,9) (7,10,14) (3,4,8) (9,11,14) (5,5,7) 
(4,5,9) (9,13,16) (10,11,14) (6,7,11) (3,3,6) (9,13,15) (9,11,11) (2,6,9) (2,6,9) (6,10,12) (10,13,13) (2,6,8) (6,6,6) (1,5,7) (9,11,15) (6,6,10) 
(5,5,5) (2,3,3) (10,10,13) (4,7,9) (3,4,8) (4,7,8) (1,4,7) (9,13,16) (1,2,2) (5,6,9) (8,11,11) (9,9,10) (10,10,13) (10,13,14) (1,2,6) (8,11,15) 
(5,6,6) (7,8,9) (7,8,10) (2,6,6) (7,8,10) (2,6,10) (6,8,11) (5,6,6) (3,6,7) (7,10,13) (3,5,7) (2,4,5) (1,5,9) (5,6,6) (4,5,7) (5,5,8) 
(9,10,12) (2,6,10) (9,11,15) (6,8,12) (10,13,16) (9,10,14) (9,10,11) (3,6,9) (3,4,6) (8,8,10) (9,11,13) (9,9,11) (1,4,8) (3,6,8) (1,1,1) (3,5,6) 
(8,11,13) (9,10,11) (1,5,5) (9,13,13) (1,1,3) (3,3,3) (3,4,8) (9,10,14) (7,10,14) (9,12,12) (6,7,7) (6,9,13) (1,1,5) (8,10,11) (5,9,13) (1,4,4) 
(4,4,4) (8,9,11) (9,12,13) (5,9,10) (10,10,10) (8,12,14) (4,8,8) (9,12,13) (6,8,11) (3,7,8) (7,8,10) (10,10,14) (10,13,14) (2,6,10) (6,6,6) (7,7,7) 
(10,14,15) (4,8,12) (1,1,4) (10,11,13) (9,12,13) (9,10,10) (3,7,11) (1,3,5) (2,2,6) (5,9,11) (6,6,10) (3,4,6) (8,10,14) (6,6,10) (1,4,8) (2,4,6) 
(10,13,15) (3,5,8) (6,9,12) (10,14,18) (7,11,14) (6,7,8) (1,3,5) (8,10,11) (5,7,8) (4,6,7) (7,10,13) (4,6,9) (7,7,8) (3,4,4) (6,10,11) (8,12,15) 
(5,7,10) (9,10,11) (4,7,9) (7,8,10) (3,6,8) (9,9,12) (6,9,11) (4,7,8) (1,4,5) (1,5,7) (5,9,10) (6,8,11) (4,8,10) (3,3,4) (3,5,7) (1,3,7) 
(2,2,5) (8,11,15) (6,10,12) (3,3,5) (9,10,12) (1,4,5) (9,12,12) (4,5,7) (1,3,6) (5,6,9) (4,6,6) (9,10,12) (1,5,8) (9,10,13) (7,9,12) (10,10,10) 
(6,7,8) (4,4,4) (9,12,14) (4,4,5) (6,6,10) (8,10,12) (9,11,15) (5,9,12) (3,5,7) (6,9,13) (8,11,15) (6,7,11) (1,3,6) (4,5,9) (4,5,5) (5,5,7) 
(10,10,13) (2,6,6) (8,12,12) (4,7,9) (4,6,7) (1,5,5) (8,8,12) (1,1,2) (3,3,7) (9,13,14) (8,11,14) (1,3,4) (7,7,9) (9,13,16) (10,14,18) (5,7,7) 
