//Numero de trabajos
10
//Numero de tareas
10
//Matriz de operaciones
1 8 9 7 5 2 0 4 6 3
5 0 4 7 1 3 6 9 2 8
8 6 2 5 1 4 3 7 0 9
1 0 7 3 2 8 9 6 5 4
2 8 6 9 3 5 4 0 1 7
8 3 0 2 6 9 7 1 4 5
5 1 8 7 3 2 9 4 0 6
5 3 2 9 7 0 8 4 6 1 
9 5 6 2 7 4 0 8 1 3
3 6 4 8 0 1 2 7 9 5
//Matriz de tiempos (son tfn´s: cada tres numeros es un tiempo)
( 7,11,12)( 5, 7, 9)( 4, 5, 8)( 7,11,15)( 8, 9,13)( 7, 9,12)( 6, 7, 9)( 2, 3, 4)( 4, 7, 8)( 2, 4, 5)
( 3, 5, 6)( 1, 2, 3)( 1, 2, 4)(10,11,14)( 8,12,14)( 2, 4, 5)( 5, 8,10)( 8, 9,11)( 2, 4, 5)( 4, 6, 8)
( 9,11,12)( 8, 9,13)( 7, 9,10)( 3, 5, 7)(10,13,17)( 2, 4, 6)( 8, 9,13)( 3, 4, 5)( 1, 2, 3)( 4, 5, 7)
( 8,11,13)( 2, 3, 5)( 4, 7, 8)( 4, 6, 7)( 5, 7, 8)( 6, 8,10)( 2, 3, 4)( 8,12,14)( 5, 7, 8)( 4, 6, 9)
( 4, 6, 7)( 4, 7, 9)( 6, 9,12)( 2, 4, 5)( 1, 3, 5)( 9,10,12)(10,11,12)( 5, 7, 9)( 8,10,13)( 4, 6, 9)
( 7, 8, 9)( 4, 5, 8)( 4, 5, 7)( 4, 6, 8)( 6, 7, 9)( 3, 5, 7)( 9,11,15)( 7,10,12)( 6, 9,12)( 5, 7, 9)
( 5, 6, 8)( 5, 6, 9)( 4, 6, 7)( 8, 9,10)( 9,13,14)( 4, 5, 8)( 7,10,12)( 3, 4, 6)( 9,12,15)( 5, 8,10)
( 7,11,14)( 3, 5, 6)(10,13,14)( 7, 9,11)( 7,10,13)( 5, 8,10)( 7,11,13)(10,12,16)(10,14,16)( 6, 7,10)
( 2, 3, 5)( 1, 3, 4)( 4, 5, 8)(10,14,16)( 3, 4, 6)( 1, 3, 4)( 1, 2, 3)( 3, 5, 6)( 5, 8, 9)( 8,11,14)
( 6, 8, 9)( 5, 7, 9)( 5, 6, 8)( 3, 5, 7)( 2, 3, 5)( 1, 2, 3)( 8,10,13)( 9,13,16)( 4, 5, 8)( 2, 4, 5)
