
10

10

6 8 1 4 3 0 5 2 7 9
9 2 4 3 7 0 1 6 5 8
4 6 3 2 0 7 5 1 8 9
4 5 3 6 7 1 0 8 2 9
1 6 3 0 2 4 8 5 7 9
6 2 7 1 3 8 9 0 5 4
9 7 5 2 6 1 8 3 0 4
5 1 7 3 6 2 8 4 9 0
6 1 7 5 8 3 9 0 2 4
3 0 8 9 4 1 5 2 7 6
DURACIONES
( 3, 4, 5)(10,12,13)( 4, 7,10)( 5, 8, 9)(10,12,16)(10,11,13)( 4, 7,10)( 4, 5, 8)( 4, 6, 7)( 9,12,13)
(10,11,14)( 9,12,14)( 7,10,14)( 7,11,12)( 2, 4, 6)( 8,10,14)( 7,11,12)( 8,11,14)( 6, 9,10)(10,14,15)
( 5, 7,10)( 2, 3, 5)( 1, 3, 4)( 7,10,12)( 8,11,12)( 2, 4, 5)( 4, 5, 7)( 7, 8,10)( 9,13,14)( 8,12,15)
( 5, 8,10)( 4, 5, 8)( 7,10,14)( 3, 5, 7)( 4, 5, 6)( 8,10,12)( 2, 3, 4)( 2, 3, 5)( 6, 8,11)( 6, 8,11)
( 4, 7,10)( 5, 6, 7)( 9,10,14)( 2, 3, 4)( 9,12,13)( 5, 6, 9)( 5, 7, 8)( 1, 2, 4)( 3, 4, 6)( 2, 4, 6)
( 1, 3, 4)( 3, 4, 5)( 3, 5, 6)( 5, 7, 8)( 8, 9,13)( 9,12,14)( 4, 7, 8)( 1, 2, 4)( 2, 4, 5)( 6, 9,12)
(10,11,14)( 2, 3, 4)( 9,10,12)( 9,10,11)( 4, 5, 6)( 3, 5, 7)( 1, 3, 4)( 2, 4, 5)( 8,10,13)( 7,10,11)
( 7,11,15)( 9,13,15)( 5, 6, 9)( 8, 9,13)( 6, 9,12)( 6, 8,10)( 6, 9,11)( 1, 2, 4)( 8,12,14)( 6, 9,12)
( 4, 7,10)( 3, 5, 6)( 6, 9,10)( 3, 5, 6)( 8,11,12)( 5, 7,10)( 4, 6, 9)( 1, 2, 4)( 3, 5, 7)(10,12,15)
( 1, 2, 3)( 8,12,13)( 7, 8, 9)( 6, 9,12)( 9,11,15)( 7,11,15)(10,14,18)( 1, 3, 5)( 1, 2, 4)( 2, 3, 5)
