//Numero de trabajos
6
//Numero de tareas
6
//Matriz de operaciones
3 2 0 4 1 5
3 1 4 2 0 5
4 3 2 0 1 5
5 2 0 3 1 4
2 4 5 1 0 3
1 3 5 2 4 0
//Matriz de tiempos (son tfn´s: cada tres numeros es un tiempo)
( 9,13,17) ( 6, 9,12) (10,11,13) ( 5, 8,11) (10,14,17) ( 9,11,15)
( 5, 8, 9) ( 7, 8,10) ( 3, 4, 5) ( 3, 5, 6) (10,14,17) ( 4, 7,10)
( 3, 5, 6) ( 3, 4, 5) ( 2, 4, 6) ( 5, 8,11) ( 3, 5, 6) ( 1, 3, 4) 
( 8,11,14) ( 5, 8,10) ( 9,13,17) ( 8,12,13) (10,12,13) ( 3, 5, 7)
( 8,12,13) ( 6, 9,11) (10,13,17) ( 4, 6, 8) ( 3, 5, 7) ( 4, 7, 9) 
( 8,12,13) ( 8, 9,10) ( 6, 9,12) ( 1, 3, 4) ( 3, 4, 5) ( 2, 4, 6)
