//Numero de trabajos
6
//Numero de tareas
6
//Matriz de operaciones
0 5 3 4 2 1
0 3 4 5 1 2
1 5 2 3 0 4
5 3 0 1 4 2
3 4 2 1 0 5
4 2 0 5 3 1 
//Matriz de tiempos (son tfn´s: cada tres numeros es un tiempo)
( 6, 7, 9)( 1, 2, 4)( 4, 7, 8)( 1, 2, 3)( 9,10,13)( 2, 3, 5)
(10,13,16)( 7,11,15)( 6, 8,11)( 2, 4, 5)( 9,12,15)( 2, 3, 4)
( 5, 6, 9)( 9,10,11)( 6, 7,10)( 9,11,14)( 8,10,14)( 9,11,12)
(10,11,15)( 3, 4, 6)( 9,12,16)( 9,12,15)( 4, 5, 7)( 5, 7, 9)
( 2, 3, 5)( 8,12,14)( 1, 3, 5)( 3, 4, 5)( 3, 4, 6)( 4, 5, 6)
( 5, 8,10)( 7,10,11)( 1, 3, 4)( 6, 8, 9)( 4, 6, 7)( 3, 4, 6)
