NUMBER OF JOBS
15
NUMBER OF RESOURCES
15
RESOURCE SEQUENCE
6 12 4 7 3 2 10 11 8 14 9 13 5 0 1 
4 5 7 14 13 8 11 9 6 10 0 3 12 1 2 
1 8 9 12 6 11 13 5 0 2 7 10 4 3 14 
5 2 9 6 10 0 13 4 7 14 11 8 12 1 3 
7 8 6 10 4 9 2 14 12 5 1 13 11 0 3 
5 3 12 13 11 4 14 7 2 1 10 0 9 6 8 
12 3 7 8 14 6 1 11 4 5 2 10 0 13 9 
11 5 0 7 12 13 14 1 2 8 4 3 9 6 10 
10 11 6 14 0 1 2 5 12 4 8 7 9 13 3 
6 11 9 2 8 0 13 3 10 7 1 12 14 4 5 
4 7 13 0 5 12 6 8 14 10 3 1 11 9 2 
2 14 0 12 6 10 7 5 8 9 13 1 3 11 4 
5 8 10 2 3 6 9 0 13 4 1 11 12 7 14 
8 14 4 13 5 6 9 1 12 7 11 10 3 2 0 
10 8 12 6 4 1 13 14 11 0 7 3 2 9 5 
PROCESSING TIMES
(93,94,95) (66,66,66) (9,10,11) (51,53,55) (24,26,28) (13,15,17) (65,65,65) (75,82,89) (10,10,10) (23,27,31) (82,93,104) (87,92,97) (82,96,110) (70,70,70) (74,83,92) 
(66,74,82) (30,31,32) (81,88,95) (44,51,58) (53,57,61) (77,78,79) (7,8,9) (7,7,7) (81,91,101) (72,79,86) (17,18,19) (48,51,54) (16,18,20) (85,99,113) (32,33,34) 
(4,4,4) (74,82,90) (36,40,44) (79,86,93) (44,50,56) (47,54,61) (19,21,23) (6,6,6) (50,54,58) (61,68,75) (77,82,87) (19,20,21) (35,39,43) (30,35,40) (60,68,76) 
(63,73,83) (22,23,24) (26,30,34) (28,30,32) (49,53,57) (85,94,103) (57,58,59) (86,93,100) (30,32,34) (91,91,91) (30,30,30) (53,56,59) (25,27,29) (90,92,94) (8,9,10) 
(67,78,89) (22,23,24) (20,21,22) (59,60,61) (32,36,40) (29,29,29) (82,95,108) (90,99,108) (79,79,79) (67,76,85) (83,93,103) (41,42,43) (47,52,57) (36,42,48) (85,96,107) 
(25,29,33) (56,61,66) (75,88,101) (68,70,72) (15,16,17) (30,31,32) (56,65,74) (79,83,87) (76,78,80) (26,26,26) (44,50,56) (84,87,90) (57,62,67) (12,14,16) (27,30,33) 
(16,18,20) (65,75,85) (19,20,21) (4,4,4) (80,91,102) (61,68,75) (19,19,19) (54,54,54) (85,85,85) (63,73,83) (43,43,43) (22,24,26) (37,37,37) (83,87,91) (57,66,75) 
(31,32,33) (51,52,53) (9,9,9) (46,49,52) (61,61,61) (34,35,36) (87,99,111) (56,62,68) (6,6,6) (59,62,65) (6,7,8) (80,80,80) (3,3,3) (50,57,64) (6,7,8) 
(80,85,90) (27,30,33) (82,96,110) (80,91,102) (12,13,14) (87,87,87) (82,82,82) (74,83,92) (68,78,88) (50,56,62) (78,85,92) (7,8,9) (59,66,73) (87,88,89) (13,15,17) 
(5,5,5) (59,59,59) (29,30,31) (56,60,64) (39,41,43) (15,17,19) (60,66,72) (76,89,102) (67,78,89) (79,88,97) (68,69,70) (44,45,46) (72,82,92) (6,6,6) (13,13,13) 
(87,90,93) (25,27,29) (1,1,1) (7,8,9) (78,91,104) (78,80,82) (85,89,93) (46,49,52) (31,32,33) (27,28,29) (82,90,98) (92,93,94) (6,6,6) (34,35,36) (66,73,80) 
(40,47,54) (37,43,49) (72,75,78) (7,8,9) (51,51,51) (3,3,3) (82,84,86) (30,34,38) (26,28,30) (55,60,65) (64,69,74) (40,45,50) (63,67,71) (52,58,64) (81,87,93) 
(61,65,69) (56,62,68) (92,97,102) (19,20,21) (28,31,34) (31,33,35) (30,33,36) (70,77,84) (50,50,50) (72,80,88) (42,48,54) (85,90,95) (71,75,79) (83,96,109) (38,44,50) 
(28,28,28) (19,21,23) (45,51,57) (71,75,79) (17,17,17) (88,89,90) (55,59,63) (48,56,64) (57,63,69) (16,18,20) (17,17,17) (27,30,33) (14,16,18) (6,7,8) (34,35,36) 
(55,57,59) (15,16,17) (40,42,44) (30,34,38) (34,37,40) (23,26,29) (66,68,70) (71,73,75) (5,5,5) (8,8,8) (11,12,13) (84,87,90) (71,83,95) (17,20,23) (88,97,106) 
