NUMBER OF JOBS
15
NUMBER OF RESOURCES
15
RESOURCE SEQUENCE
9 14 4 13 10 3 7 8 0 5 1 2 12 6 11 
10 8 11 14 3 13 9 7 4 2 6 1 5 12 0 
7 0 6 5 14 13 2 11 4 12 1 9 3 10 8 
9 11 14 0 1 8 5 10 12 4 13 3 6 7 2 
11 4 13 3 8 1 10 12 2 14 6 7 0 9 5 
5 2 1 10 0 4 8 14 6 3 9 7 11 12 13 
5 10 13 0 9 8 1 11 14 7 12 2 6 4 3 
12 0 9 3 13 6 5 7 2 14 11 8 10 1 4 
11 10 5 13 1 9 8 7 3 6 0 2 14 12 4 
2 14 3 10 6 1 0 13 11 4 5 8 7 12 9 
11 14 13 5 4 9 1 6 12 0 2 8 10 3 7 
12 3 10 8 4 7 13 11 14 1 2 0 5 6 9 
8 13 5 0 11 9 4 12 1 10 6 2 7 14 3 
2 5 4 3 9 1 11 13 7 6 10 14 0 8 12 
1 10 4 2 0 7 6 9 11 12 5 14 3 13 8 
PROCESSING TIMES
(85,86,87) (60,60,60) (9,10,11) (57,59,61) (60,65,70) (81,94,107) (71,71,71) (23,25,27) (98,98,98) (43,49,55) (38,43,48) (8,8,8) (77,90,103) (21,21,21) (66,73,80) 
(60,68,76) (27,28,29) (35,38,41) (31,36,41) (87,93,99) (35,35,35) (32,37,42) (27,28,29) (55,62,69) (78,86,94) (61,65,69) (11,11,11) (18,20,22) (70,82,94) (23,23,23) 
(30,33,36) (60,67,74) (88,96,104) (80,91,102) (73,83,93) (74,81,88) (55,60,65) (79,88,97) (19,20,21) (60,62,64) (19,22,25) (68,79,90) (34,38,42) (34,40,46) (79,82,85) 
(12,13,14) (13,14,15) (68,73,78) (80,88,96) (24,24,24) (15,16,17) (72,78,84) (70,70,70) (53,53,53) (64,68,72) (68,73,78) (88,90,92) (54,58,62) (6,7,8) (4,4,4) 
(88,93,98) (49,52,55) (62,63,64) (12,13,14) (19,19,19) (35,41,47) (64,71,78) (59,59,59) (17,19,21) (53,60,67) (83,85,87) (89,99,109) (63,73,83) (84,95,106) (17,19,21) 
(57,62,67) (51,60,69) (90,93,96) (15,16,17) (10,10,10) (62,72,82) (84,88,92) (67,69,71) (58,58,58) (36,41,46) (45,46,47) (58,63,68) (66,76,86) (73,83,93) (53,62,71) 
(43,50,57) (63,68,73) (79,90,101) (30,34,38) (44,44,44) (5,5,5) (8,8,8) (25,25,25) (60,70,80) (53,53,53) (70,78,86) (92,92,92) (59,62,65) (73,85,97) (67,70,73) 
(59,60,61) (62,64,66) (87,92,97) (44,44,44) (62,63,64) (80,91,102) (19,21,23) (1,1,1) (91,96,101) (18,19,20) (59,59,59) (11,12,13) (38,41,44) (11,11,11) (85,94,103) 
(80,93,106) (41,46,51) (46,51,56) (37,37,37) (91,91,91) (80,90,100) (55,63,71) (35,40,45) (62,68,74) (12,13,14) (14,16,18) (82,83,84) (42,49,56) (24,24,24) (22,23,24) 
(5,5,5) (33,35,37) (20,21,22) (12,14,16) (60,66,72) (3,3,3) (6,6,6) (84,98,112) (54,63,72) (58,64,70) (75,76,77) (91,94,97) (15,17,19) (61,62,63) (36,37,38) 
(33,35,37) (37,42,47) (53,62,71) (66,68,70) (70,73,76) (25,27,29) (50,52,54) (38,39,40) (37,41,45) (25,25,25) (9,9,9) (30,34,38) (43,50,57) (35,41,47) (94,98,102) 
(20,23,26) (32,32,32) (34,35,36) (9,10,11) (27,29,31) (62,68,74) (19,20,21) (7,8,9) (55,58,61) (55,62,69) (37,39,41) (30,32,34) (7,8,9) (32,33,34) (87,91,95) 
(25,28,31) (29,31,33) (3,3,3) (25,28,31) (60,66,72) (59,59,59) (22,24,26) (40,45,50) (76,81,86) (8,8,8) (38,44,50) (36,42,48) (2,2,2) (23,23,23) (48,53,58) 
(10,11,12) (88,93,98) (27,27,27) (58,59,60) (57,62,67) (20,23,26) (21,23,25) (6,7,8) (75,77,79) (57,64,71) (52,60,68) (86,97,108) (35,36,37) (51,53,55) (66,72,78) 
(35,36,37) (87,98,109) (35,38,41) (21,24,27) (81,84,87) (46,47,48) (68,72,76) (1,1,1) (83,91,99) (82,85,88) (58,68,78) (36,42,48) (18,20,22) (26,30,34) (27,30,33) 
