NUMBER OF JOBS
15
NUMBER OF RESOURCES
15
RESOURCE SEQUENCE
3 7 6 14 9 8 5 4 10 1 0 12 11 2 13 
1 11 0 5 8 13 3 10 9 2 12 6 4 7 14 
7 3 8 11 0 4 9 13 1 10 6 5 14 12 2 
6 11 5 13 3 2 1 4 9 12 8 0 14 7 10 
1 11 6 5 8 7 12 9 2 14 13 3 0 4 10 
11 2 12 1 14 0 6 9 3 13 7 10 4 5 8 
14 7 11 0 12 8 9 10 3 13 4 1 2 6 5 
7 4 13 5 14 11 2 12 6 1 0 10 9 3 8 
7 4 14 10 3 0 13 8 1 2 6 12 11 9 5 
2 12 10 3 6 5 14 9 13 4 0 11 7 8 1 
11 9 3 7 6 4 0 2 5 1 10 8 13 12 14 
0 4 1 9 2 11 13 10 7 6 8 12 14 3 5 
6 0 4 10 2 14 9 13 11 12 1 8 5 3 7 
5 10 13 2 7 4 8 6 9 0 12 11 1 14 3 
11 2 0 4 14 5 9 10 6 12 8 1 7 3 13 
PROCESSING TIMES
(71,72,73) (51,51,51) (36,42,48) (30,31,32) (56,61,66) (40,46,52) (88,88,88) (31,33,35) (27,27,27) (75,85,95) (61,70,79) (53,56,59) (60,70,80) (50,50,50) (23,25,27) 
(17,19,21) (77,79,81) (73,79,85) (40,47,54) (37,40,43) (66,67,68) (37,43,49) (63,65,67) (75,84,93) (55,61,67) (28,30,32) (52,56,60) (17,19,21) (78,91,104) (66,68,70) 
(85,94,103) (6,7,8) (2,2,2) (87,95,103) (52,60,68) (72,82,92) (70,76,82) (33,36,39) (7,8,9) (80,85,90) (7,7,7) (39,44,49) (2,2,2) (62,72,82) (81,91,101) 
(50,58,66) (65,67,69) (72,84,96) (31,34,37) (18,19,20) (18,19,20) (93,94,95) (38,41,44) (90,98,106) (96,96,96) (25,25,25) (38,40,42) (69,74,79) (86,88,90) (68,74,80) 
(39,45,51) (57,60,63) (8,8,8) (29,29,29) (29,32,35) (42,42,42) (22,25,28) (4,4,4) (64,71,78) (79,79,79) (82,93,104) (25,28,31) (30,30,30) (15,17,19) (37,43,49) 
(74,84,94) (48,56,64) (43,46,49) (80,93,106) (64,66,68) (78,84,90) (39,40,41) (4,4,4) (13,15,17) (15,15,15) (53,54,55) (39,39,39) (67,77,87) (54,55,56) (29,31,33) 
(57,65,73) (81,91,101) (15,17,19) (40,47,54) (72,77,82) (59,68,77) (56,62,68) (22,22,22) (72,72,72) (47,47,47) (33,38,43) (7,7,7) (10,11,12) (22,22,22) (60,63,66) 
(11,12,13) (20,21,22) (59,60,61) (41,42,43) (21,22,23) (84,84,84) (59,60,61) (46,52,58) (23,25,27) (51,53,55) (49,53,57) (56,56,56) (25,29,33) (76,83,90) (30,32,34) 
(43,48,53) (24,28,32) (61,70,79) (24,26,28) (68,68,68) (4,4,4) (19,19,19) (82,92,102) (21,24,27) (48,54,60) (52,57,62) (43,47,51) (75,84,93) (84,85,86) (82,95,108) 
(36,36,36) (33,34,35) (61,65,69) (61,64,67) (26,30,34) (37,41,45) (46,53,60) (63,74,85) (40,44,48) (13,13,13) (40,41,42) (6,6,6) (28,32,36) (93,94,95) (36,37,38) 
(58,62,66) (8,9,10) (76,89,102) (36,37,38) (27,28,29) (22,23,24) (13,13,13) (58,60,62) (42,46,50) (93,94,95) (82,85,88) (65,72,79) (16,18,20) (69,79,89) (11,11,11) 
(65,74,83) (61,61,61) (42,43,44) (24,26,28) (91,97,103) (57,62,67) (37,40,43) (52,60,68) (58,62,66) (69,78,87) (39,42,45) (8,8,8) (19,21,23) (11,11,11) (67,70,73) 
(8,9,10) (21,22,23) (8,9,10) (7,8,9) (54,54,54) (29,32,35) (82,92,102) (71,76,81) (2,2,2) (60,63,66) (55,63,71) (86,98,110) (42,42,42) (11,12,13) (35,41,47) 
(63,67,71) (7,7,7) (90,91,92) (48,52,56) (75,87,99) (4,4,4) (1,1,1) (51,56,61) (72,82,92) (46,47,48) (31,35,39) (7,8,9) (82,92,102) (38,39,40) (11,11,11) 
(40,44,48) (23,24,25) (21,24,27) (13,14,15) (29,34,39) (55,57,59) (29,30,31) (61,64,67) (4,4,4) (13,14,15) (67,69,71) (81,95,109) (19,22,25) (54,60,66) (52,61,70) 
