NUMBER OF JOBS
15
NUMBER OF RESOURCES
15
RESOURCE SEQUENCE
12 1 4 9 13 0 11 8 3 5 6 14 10 2 7 
5 1 14 10 13 9 6 12 8 2 7 0 3 4 11 
6 3 10 7 13 4 5 9 8 2 0 1 11 14 12 
10 7 5 0 9 13 2 8 1 14 11 3 12 6 4 
6 12 14 1 7 5 11 0 2 3 8 13 4 9 10 
4 7 6 0 8 13 12 14 3 2 5 9 10 1 11 
10 11 6 9 0 2 1 8 12 7 5 3 13 14 4 
3 10 5 6 8 4 0 14 2 7 9 11 12 1 13 
1 2 6 7 10 12 14 8 0 3 13 5 4 9 11 
12 7 6 14 3 4 0 13 10 8 11 9 5 2 1 
4 3 8 14 2 13 5 6 10 12 7 11 1 9 0 
6 12 7 5 2 4 13 11 8 0 10 3 1 9 14 
12 13 8 7 1 6 0 5 9 10 4 2 14 3 11 
12 1 4 8 6 10 7 3 0 5 13 2 9 14 11 
7 5 0 10 2 3 9 6 11 8 1 4 14 12 13 
PROCESSING TIMES
(40,40,40) (95,96,97) (51,59,67) (91,95,99) (70,76,82) (65,75,85) (23,23,23) (60,65,70) (65,65,65) (14,16,18) (62,71,80) (49,52,55) (72,84,96) (99,99,99) (22,24,26) 
(2,2,2) (78,88,98) (96,99,102) (48,52,56) (58,68,78) (13,13,13) (38,38,38) (30,35,40) (55,57,59) (33,37,41) (84,93,102) (36,38,40) (63,68,73) (84,94,104) (61,71,81) 
(84,87,90) (42,46,50) (12,14,16) (79,87,95) (26,30,34) (70,79,88) (57,62,67) (34,37,40) (49,54,59) (1,1,1) (91,97,103) (16,16,16) (2,2,2) (45,51,57) (82,96,110) 
(17,19,21) (13,15,17) (41,42,43) (7,8,9) (66,72,78) (14,15,16) (69,76,83) (25,25,25) (72,78,84) (77,84,91) (62,62,62) (70,70,70) (76,81,86) (15,16,17) (95,97,99) 
(63,68,73) (61,71,81) (3,3,3) (64,68,72) (86,91,96) (37,37,37) (65,73,81) (21,21,21) (74,85,96) (72,79,86) (51,51,51) (44,50,56) (18,21,24) (30,30,30) (57,64,71) 
(12,14,16) (1,1,1) (26,29,32) (62,72,82) (6,6,6) (29,31,33) (85,98,111) (49,50,51) (77,83,89) (2,2,2) (83,86,89) (29,33,37) (32,33,34) (96,98,100) (59,59,59) 
(18,21,24) (78,80,82) (91,99,107) (61,70,79) (70,80,90) (61,71,81) (40,47,54) (89,96,103) (49,56,63) (70,78,86) (53,53,53) (10,10,10) (92,92,92) (1,1,1) (29,33,37) 
(29,29,29) (76,85,94) (89,89,89) (10,10,10) (26,30,34) (36,38,40) (37,38,39) (47,48,49) (15,16,17) (65,65,65) (88,90,92) (64,73,82) (79,88,97) (44,46,48) (43,47,51) 
(37,37,37) (8,9,10) (45,49,53) (22,23,24) (1,1,1) (71,78,85) (34,39,44) (13,15,17) (8,9,10) (41,41,41) (35,35,35) (74,83,92) (7,8,9) (54,61,68) (55,60,65) 
(1,1,1) (67,73,79) (42,47,52) (46,46,46) (9,10,11) (37,37,37) (57,60,63) (79,84,89) (25,26,27) (10,11,12) (34,37,40) (68,79,90) (64,75,86) (44,49,54) (51,51,51) 
(22,22,22) (43,49,55) (33,33,33) (2,2,2) (24,24,24) (3,3,3) (68,73,78) (60,68,76) (18,21,24) (59,61,63) (66,69,72) (88,94,100) (41,43,45) (38,39,40) (44,48,52) 
(80,81,82) (45,46,47) (19,21,23) (20,23,26) (75,86,97) (19,19,19) (57,64,71) (52,52,52) (22,22,22) (45,50,55) (11,11,11) (67,73,79) (72,77,82) (14,16,18) (70,75,80) 
(18,21,24) (74,80,86) (28,30,32) (29,32,35) (21,22,23) (22,23,24) (76,85,94) (86,92,98) (13,14,15) (12,13,14) (68,68,68) (54,60,66) (40,45,50) (30,32,34) (86,90,94) 
(25,29,33) (83,95,107) (52,52,52) (53,59,65) (29,33,37) (12,12,12) (72,73,74) (94,96,98) (69,75,81) (11,12,13) (75,83,91) (3,3,3) (80,90,100) (56,57,58) (6,6,6) 
(84,94,104) (16,18,20) (48,54,60) (40,42,44) (67,70,73) (27,29,31) (41,43,45) (44,50,56) (69,75,81) (61,70,79) (39,40,41) (47,48,49) (1,1,1) (26,27,28) (11,12,13) 
