NUMBER OF JOBS
15
NUMBER OF RESOURCES
15
RESOURCE SEQUENCE
8 2 7 14 12 0 4 3 13 5 9 10 6 1 11 
2 8 6 4 11 0 9 7 5 3 1 10 13 14 12 
5 11 8 14 12 1 4 9 10 6 13 0 2 3 7 
9 13 8 6 12 5 10 2 1 0 14 11 3 4 7 
8 10 3 13 14 5 4 0 12 11 9 6 2 1 7 
7 2 9 5 10 4 3 1 11 8 6 14 13 0 12 
2 10 1 12 14 3 0 4 9 5 11 13 7 8 6 
13 6 11 12 8 7 14 5 3 4 0 10 2 1 9 
8 4 6 7 0 11 13 12 2 3 10 1 5 14 9 
2 6 12 9 8 11 1 3 13 4 10 5 0 7 14 
0 9 4 8 10 2 11 12 14 6 3 7 5 1 13 
8 1 12 5 7 10 9 4 11 6 13 2 14 0 3 
13 14 2 9 7 8 12 4 10 6 1 0 5 11 3 
1 0 12 2 13 8 3 14 4 7 6 9 11 10 5 
3 13 2 5 9 6 7 4 8 0 12 10 14 1 11 
PROCESSING TIMES
(35,35,35) (78,78,78) (68,79,90) (62,65,68) (49,53,57) (12,14,16) (93,93,93) (64,70,76) (14,14,14) (79,90,101) (83,95,107) (46,49,52) (31,36,41) (85,85,85) (1,1,1) 
(74,83,92) (36,41,46) (22,22,22) (27,29,31) (45,52,59) (66,71,76) (16,16,16) (80,93,106) (52,54,56) (56,63,70) (11,12,13) (80,85,90) (58,62,66) (41,45,49) (26,30,34) 
(58,60,62) (39,43,47) (64,71,78) (2,2,2) (46,50,54) (33,37,41) (76,86,96) (74,81,88) (55,60,65) (52,57,62) (62,66,70) (23,24,25) (87,98,109) (79,92,105) (61,69,77) 
(12,14,16) (57,59,61) (30,35,40) (6,6,6) (23,25,27) (53,57,61) (1,1,1) (40,44,48) (93,94,95) (28,30,32) (87,95,103) (93,93,93) (51,51,51) (49,52,55) (15,16,17) 
(94,96,98) (36,39,42) (64,75,86) (93,98,103) (2,2,2) (36,38,40) (68,69,70) (29,32,35) (95,95,95) (55,63,71) (4,4,4) (10,11,12) (50,50,50) (83,95,107) (69,78,87) 
(71,73,75) (25,28,31) (37,43,49) (41,47,53) (49,57,65) (81,88,95) (29,33,37) (13,13,13) (6,7,8) (47,49,51) (20,23,26) (37,38,39) (21,21,21) (99,99,99) (63,72,81) 
(3,3,3) (78,80,82) (61,67,73) (82,93,104) (81,91,101) (27,31,35) (45,52,59) (60,64,68) (72,83,94) (2,2,2) (81,90,99) (64,64,64) (16,16,16) (18,18,18) (22,25,28) 
(23,23,23) (27,30,33) (22,22,22) (52,54,56) (58,68,78) (60,63,66) (87,89,91) (92,95,98) (5,5,5) (35,37,39) (5,5,5) (42,42,42) (17,17,17) (47,54,61) (42,46,50) 
(42,44,46) (54,59,64) (87,87,87) (54,62,70) (47,51,55) (52,55,58) (3,3,3) (36,40,44) (23,26,29) (16,18,20) (13,15,17) (18,18,18) (72,72,72) (31,35,39) (52,60,68) 
(24,27,30) (13,14,15) (70,77,84) (22,24,26) (54,55,56) (57,67,77) (59,59,59) (19,19,19) (27,29,31) (32,33,34) (75,88,101) (27,30,33) (78,91,104) (10,11,12) (10,11,12) 
(66,67,68) (91,94,97) (44,50,56) (2,2,2) (82,83,84) (19,19,19) (27,29,31) (33,37,41) (50,58,66) (31,32,33) (36,38,40) (93,99,105) (84,88,92) (47,49,51) (64,70,76) 
(60,60,60) (7,7,7) (73,81,89) (70,82,94) (51,58,65) (80,83,86) (14,16,18) (1,1,1) (69,69,69) (7,7,7) (3,3,3) (75,84,93) (8,8,8) (11,12,13) (87,93,99) 
(81,92,103) (76,81,86) (4,4,4) (69,78,87) (9,9,9) (73,78,83) (68,75,82) (5,5,5) (47,50,53) (8,8,8) (39,44,49) (4,4,4) (56,60,64) (85,94,103) (67,74,81) 
(32,32,32) (79,88,97) (28,31,34) (64,68,72) (30,31,32) (9,10,11) (39,45,51) (74,75,76) (73,82,91) (45,51,57) (52,55,58) (97,99,101) (44,44,44) (77,84,91) (19,22,25) 
(11,12,13) (31,35,39) (63,64,65) (15,17,19) (36,42,48) (41,46,51) (62,65,68) (71,74,77) (88,96,104) (27,28,29) (76,86,96) (87,95,103) (81,93,105) (65,67,69) (55,56,57) 
