NUMBER OF JOBS
20
NUMBER OF RESOURCES
15
RESOURCE SEQUENCE
3 11 14 1 10 2 4 7 0 12 5 9 6 13 8 
5 0 3 8 4 1 12 14 6 7 10 2 9 13 11 
2 3 14 0 9 12 5 4 7 10 8 11 13 1 6 
8 10 1 13 3 4 14 9 2 5 11 7 0 6 12 
14 8 1 2 10 9 12 4 6 5 0 13 3 11 7 
3 10 1 5 6 0 8 7 11 13 2 14 12 9 4 
2 10 1 12 8 0 7 6 14 13 4 3 5 9 11 
1 0 2 4 7 13 11 3 12 5 6 14 9 8 10 
4 5 9 10 7 6 2 1 12 3 13 0 8 14 11 
1 4 3 10 14 0 6 13 11 8 5 12 7 9 2 
3 10 1 0 9 8 14 6 4 7 2 12 5 11 13 
2 7 6 8 3 5 14 4 1 0 9 10 13 11 12 
0 7 14 8 12 10 9 3 6 1 4 2 11 13 5 
12 3 9 4 1 0 10 6 5 2 14 13 7 8 11 
3 14 6 5 13 9 1 0 12 7 2 4 10 8 11 
5 14 6 12 8 2 4 9 11 13 3 1 7 0 10 
3 7 10 14 0 8 1 11 5 13 4 12 6 9 2 
10 8 2 11 13 6 14 3 9 7 4 5 12 0 1 
3 2 12 13 1 6 14 5 4 8 9 11 0 10 7 
11 14 5 6 10 9 13 1 4 8 0 3 12 2 7 
PROCESSING TIMES
(25,25,25) (75,75,75) (64,75,86) (73,76,79) (35,38,41) (54,62,70) (38,38,38) (54,59,64) (14,14,14) (12,13,14) (41,46,51) (30,31,32) (49,57,65) (92,92,92) (3,3,3) 
(60,67,74) (5,5,5) (10,11,12) (11,11,11) (37,40,43) (29,34,39) (72,77,82) (42,42,42) (30,35,40) (92,96,100) (20,22,24) (50,55,60) (20,21,22) (27,29,31) (14,16,18) 
(19,22,25) (95,98,101) (7,8,9) (31,35,39) (54,59,64) (27,31,35) (12,13,14) (43,46,49) (48,52,56) (20,22,24) (17,18,19) (19,19,19) (57,64,71) (25,29,33) (62,70,78) 
(85,99,113) (41,42,43) (2,2,2) (30,35,40) (10,11,12) (85,92,99) (80,88,96) (96,97,98) (19,21,23) (51,56,61) (17,17,17) (43,43,43) (25,27,29) (18,19,20) (23,23,23) 
(46,50,54) (5,5,5) (51,59,67) (67,71,75) (44,47,50) (39,39,39) (73,82,91) (35,35,35) (11,12,13) (2,2,2) (36,39,42) (42,42,42) (46,52,58) (58,65,72) (34,35,36) 
(43,48,53) (49,57,65) (5,5,5) (2,2,2) (53,60,67) (55,64,73) (80,86,92) (3,3,3) (44,51,58) (26,26,26) (31,34,37) (38,39,40) (39,45,51) (60,63,66) (53,54,55) 
(40,40,40) (38,43,48) (49,50,51) (65,71,77) (41,46,51) (88,99,110) (57,67,77) (29,34,39) (6,6,6) (88,95,102) (58,67,76) (48,54,60) (29,29,29) (30,30,30) (60,60,60) 
(51,59,67) (3,3,3) (85,85,85) (6,6,6) (41,46,51) (49,49,49) (5,5,5) (78,82,86) (16,18,20) (68,71,74) (47,48,49) (77,79,81) (59,62,65) (65,65,65) (74,76,78) 
(57,65,73) (50,55,60) (77,81,85) (14,15,16) (32,32,32) (45,52,59) (89,97,105) (65,69,73) (74,82,90) (76,89,102) (60,69,78) (78,87,96) (22,22,22) (71,71,71) (56,63,70) 
(61,70,79) (66,74,82) (48,52,56) (85,94,103) (12,14,16) (80,81,82) (21,24,27) (14,14,14) (31,32,33) (37,39,41) (64,67,70) (51,59,67) (17,18,19) (66,77,88) (43,50,57) 
(17,18,19) (6,6,6) (95,96,97) (52,53,54) (31,35,39) (98,99,100) (38,39,40) (17,18,19) (12,14,16) (77,90,103) (62,64,66) (77,81,85) (83,89,95) (46,48,50) (77,80,83) 
(40,44,48) (74,75,76) (12,12,12) (12,13,14) (63,74,85) (52,59,66) (68,71,74) (66,75,84) (30,30,30) (91,93,95) (24,26,28) (28,30,32) (77,84,91) (85,91,97) (82,93,104) 
(37,39,41) (50,56,62) (13,13,13) (27,29,31) (50,55,60) (65,69,73) (25,26,27) (6,7,8) (51,55,59) (43,48,53) (20,22,24) (46,46,46) (45,50,55) (85,96,107) (16,17,18) 
(54,57,60) (12,14,16) (7,8,9) (13,13,13) (85,95,105) (47,53,59) (74,78,82) (24,24,24) (91,92,93) (83,90,97) (59,68,77) (79,87,95) (38,43,48) (73,75,77) (84,94,104) 
(81,93,105) (82,92,102) (18,18,18) (27,28,29) (25,27,29) (38,40,42) (49,56,63) (76,83,90) (44,51,58) (15,15,15) (94,97,100) (46,48,50) (49,53,57) (76,78,80) (34,39,44) 
(40,47,54) (31,34,37) (36,42,48) (25,28,31) (11,11,11) (10,11,12) (29,30,31) (12,14,16) (9,10,11) (4,4,4) (18,20,22) (86,92,98) (19,19,19) (52,59,66) (27,28,29) 
(63,69,75) (72,82,92) (56,64,72) (39,40,41) (25,27,29) (79,82,85) (25,27,29) (41,43,45) (50,56,62) (16,17,18) (16,18,20) (17,20,23) (96,98,100) (37,43,49) (62,68,74) 
(82,84,86) (26,26,26) (81,87,93) (60,61,62) (83,95,107) (22,23,24) (82,88,94) (77,89,101) (42,49,56) (83,84,85) (12,12,12) (44,51,58) (3,3,3) (44,44,44) (17,20,23) 
(41,43,45) (47,54,61) (17,18,19) (64,72,80) (67,70,73) (26,28,30) (20,20,20) (22,22,22) (53,59,65) (33,36,39) (75,85,95) (12,13,14) (71,73,75) (26,29,32) (40,45,50) 
(6,7,8) (86,97,108) (4,4,4) (21,22,23) (67,74,81) (40,45,50) (55,62,69) (90,95,100) (64,66,68) (13,14,15) (37,40,43) (23,23,23) (68,79,90) (32,34,36) (7,8,9) 
