NUMBER OF JOBS
20
NUMBER OF RESOURCES
15
RESOURCE SEQUENCE
8 13 3 7 10 6 14 12 9 2 0 4 5 11 1 
11 4 6 3 8 9 12 5 13 0 7 10 14 2 1 
14 9 4 0 2 13 6 7 11 1 3 5 10 12 8 
0 12 10 1 11 14 8 5 9 13 2 6 3 4 7 
2 6 4 13 8 12 3 10 9 11 0 7 1 5 14 
1 4 13 7 12 8 3 0 14 5 10 11 9 6 2 
6 12 3 11 0 1 7 13 4 8 5 9 14 10 2 
5 7 14 11 4 3 10 0 1 6 13 12 8 9 2 
3 2 6 4 11 10 0 8 14 7 13 5 1 9 12 
3 11 14 10 2 4 1 13 6 9 5 8 12 7 0 
9 10 6 7 4 12 5 14 13 1 8 0 2 3 11 
7 5 11 14 8 0 13 12 2 9 10 1 4 3 6 
11 0 6 12 5 10 13 3 4 1 9 14 2 8 7 
2 9 4 6 3 7 13 5 12 10 1 11 8 14 0 
6 14 5 8 13 4 1 3 0 7 12 2 10 11 9 
10 14 8 7 6 5 1 13 11 2 3 9 12 0 4 
5 11 1 4 7 6 14 13 8 12 3 2 0 9 10 
4 14 2 6 0 11 7 13 9 1 5 3 8 10 12 
7 14 10 1 5 9 2 4 0 11 13 3 6 12 8 
11 13 7 8 6 0 5 4 10 1 3 2 9 12 14 
PROCESSING TIMES
(56,56,56) (25,25,25) (15,17,19) (60,63,66) (8,9,10) (26,30,34) (75,75,75) (20,22,24) (42,42,42) (73,83,93) (60,69,78) (85,90,95) (75,88,101) (20,20,20) (27,30,33) 
(35,39,43) (20,20,20) (32,35,38) (68,79,90) (33,35,37) (65,66,67) (13,15,17) (54,56,58) (53,60,67) (65,72,79) (49,52,55) (13,14,15) (2,2,2) (14,16,18) (51,59,67) 
(5,5,5) (30,31,32) (50,55,60) (63,70,77) (45,49,53) (62,70,78) (81,92,103) (37,40,43) (12,13,14) (13,14,15) (46,49,52) (29,30,31) (44,50,56) (66,77,88) (72,81,90) 
(55,64,73) (61,63,65) (18,21,24) (19,21,23) (27,29,31) (9,10,11) (25,25,25) (55,60,65) (85,93,101) (24,24,24) (48,48,48) (49,52,55) (8,8,8) (30,30,30) (34,37,40) 
(4,4,4) (28,32,36) (10,10,10) (73,77,81) (45,45,45) (33,37,41) (89,89,89) (52,60,68) (54,59,64) (42,42,42) (42,48,54) (27,30,33) (22,22,22) (21,23,25) (13,15,17) 
(12,14,16) (9,10,11) (63,68,73) (82,95,108) (41,42,43) (27,29,31) (43,44,45) (20,23,26) (58,61,64) (56,57,58) (45,45,45) (86,98,110) (29,30,31) (25,27,29) (12,13,14) 
(44,50,56) (47,55,63) (20,23,26) (24,25,26) (45,51,57) (49,55,61) (9,9,9) (87,87,87) (21,21,21) (41,48,55) (55,55,55) (20,22,24) (47,47,47) (48,50,52) (74,86,98) 
(11,11,11) (42,43,44) (26,26,26) (30,31,32) (18,18,18) (58,59,60) (74,84,94) (30,33,36) (69,73,77) (18,20,22) (34,34,34) (80,92,104) (60,65,70) (81,87,93) (34,37,40) 
(8,9,10) (17,20,23) (10,11,12) (21,21,21) (11,11,11) (86,96,106) (81,94,107) (81,91,101) (84,92,100) (88,97,106) (25,28,31) (54,55,56) (76,89,102) (34,34,34) (58,61,64) 
(10,10,10) (56,58,60) (74,86,98) (78,86,94) (74,87,100) (16,18,20) (67,74,81) (63,64,65) (12,12,12) (19,22,25) (79,80,81) (5,5,5) (92,95,98) (6,6,6) (33,35,37) 
(41,47,53) (58,68,78) (58,60,62) (19,20,21) (13,14,15) (6,6,6) (19,20,21) (6,6,6) (44,46,48) (72,79,86) (32,32,32) (79,82,85) (6,7,8) (63,74,85) (47,54,61) 
(19,20,21) (88,99,110) (55,55,55) (76,78,80) (31,35,39) (25,26,27) (21,23,25) (81,87,93) (76,86,96) (24,25,26) (87,98,109) (1,1,1) (15,16,17) (31,33,35) (46,50,54) 
(33,35,37) (32,34,36) (59,66,73) (44,47,50) (43,48,53) (47,52,57) (33,33,33) (70,77,84) (34,38,42) (61,65,69) (55,58,61) (62,71,80) (12,14,16) (84,85,86) (12,13,14) 
(74,85,96) (81,86,91) (15,15,15) (67,68,69) (30,32,34) (72,83,94) (72,80,88) (71,81,91) (10,10,10) (11,12,13) (27,31,35) (34,38,42) (75,78,81) (42,44,46) (17,18,19) 
(57,60,63) (51,58,65) (15,16,17) (21,24,27) (55,57,59) (8,8,8) (39,41,43) (36,39,42) (27,28,29) (48,56,64) (32,37,42) (31,34,37) (34,39,44) (62,69,76) (52,52,52) 
(68,76,84) (83,87,91) (81,91,101) (12,13,14) (4,4,4) (29,32,35) (54,58,62) (61,62,63) (72,83,94) (46,48,50) (37,41,45) (32,36,40) (59,68,77) (27,28,29) (12,12,12) 
(1,1,1) (65,67,69) (92,98,104) (39,41,43) (75,84,93) (31,34,37) (77,86,95) (64,75,86) (91,93,95) (72,83,94) (60,66,72) (91,93,95) (47,47,47) (55,58,61) (63,64,65) 
(53,61,69) (46,49,52) (33,35,37) (80,92,104) (73,84,95) (56,57,58) (31,31,31) (43,50,57) (53,53,53) (10,11,12) (71,74,77) (7,8,9) (13,14,15) (11,12,13) (48,50,52) 
(18,19,20) (87,89,91) (65,67,69) (9,10,11) (68,75,82) (43,49,55) (65,75,85) (65,66,67) (33,37,41) (68,77,86) (85,94,103) (53,60,67) (36,38,40) (48,52,56) (53,61,69) 
(26,29,32) (70,73,76) (60,62,64) (18,19,20) (92,99,106) (92,95,98) (2,2,2) (34,39,44) (65,70,75) (81,90,99) (10,10,10) (60,60,60) (19,21,23) (35,40,45) (15,17,19) 
