NUMBER OF JOBS
20
NUMBER OF RESOURCES
15
RESOURCE SEQUENCE
7 0 12 4 1 9 2 11 10 14 5 6 13 3 8 
4 8 7 3 9 13 12 0 11 10 1 6 5 14 2 
1 4 7 13 3 8 10 5 12 14 9 6 2 0 11 
5 11 9 12 7 1 6 13 8 2 0 14 3 4 10 
4 11 12 1 0 9 6 13 2 14 5 10 3 8 7 
2 6 3 8 14 0 4 10 11 1 7 13 12 5 9 
4 14 5 10 8 7 6 1 0 12 9 13 11 3 2 
7 10 11 14 3 2 4 5 1 12 9 6 13 0 8 
14 11 0 13 3 2 1 8 5 7 4 12 6 10 9 
0 5 12 1 13 10 9 4 2 8 14 11 7 6 3 
4 3 8 12 9 11 2 14 5 7 13 6 10 1 0 
9 6 1 0 14 7 13 12 2 11 5 8 10 3 4 
4 3 0 14 13 9 7 2 11 8 10 1 6 12 5 
12 10 3 6 4 5 0 7 2 8 13 11 14 9 1 
14 7 5 8 11 0 2 13 12 4 6 1 10 9 3 
6 14 12 2 7 5 8 13 11 9 0 3 4 1 10 
9 5 14 10 12 1 4 13 0 11 3 2 7 6 8 
9 12 4 14 11 8 0 7 5 3 1 10 6 13 2 
12 2 3 14 5 1 6 11 13 9 7 10 8 0 4 
3 12 10 5 14 0 9 8 13 6 11 1 7 2 4 
PROCESSING TIMES
(83,84,85) (58,58,58) (61,71,81) (25,26,27) (91,98,105) (31,36,41) (12,12,12) (28,30,32) (87,87,87) (83,95,107) (40,45,50) (27,28,29) (63,73,83) (73,73,73) (41,45,49) 
(26,29,32) (22,22,22) (43,47,51) (64,75,86) (87,94,101) (15,15,15) (4,4,4) (70,82,94) (14,14,14) (31,35,39) (72,79,86) (32,34,36) (53,57,61) (21,23,25) (48,56,64) 
(71,73,75) (33,36,39) (43,48,53) (24,26,28) (43,49,55) (52,60,68) (14,15,16) (61,66,71) (81,90,99) (37,39,41) (8,8,8) (65,74,83) (54,63,72) (83,94,105) (78,91,104) 
(1,1,1) (34,35,36) (20,23,26) (86,93,100) (69,75,81) (46,50,54) (40,40,40) (55,60,65) (37,41,45) (7,7,7) (57,57,57) (68,72,76) (37,40,43) (74,75,76) (6,7,8) 
(12,13,14) (14,15,16) (16,17,18) (14,14,14) (59,67,75) (94,94,94) (16,18,20) (47,52,57) (53,53,53) (14,16,18) (30,33,36) (60,61,62) (42,47,52) (56,65,74) (35,39,43) 
(46,54,62) (74,80,86) (74,87,100) (35,36,37) (50,54,58) (70,72,74) (15,17,19) (42,44,46) (36,37,38) (88,88,88) (67,77,87) (82,84,86) (16,17,18) (71,82,93) (80,90,100) 
(4,4,4) (53,62,71) (29,33,37) (58,62,66) (75,86,97) (27,30,33) (39,39,39) (67,67,67) (42,42,42) (27,31,35) (83,83,83) (35,39,43) (67,67,67) (64,67,70) (27,31,35) 
(28,29,30) (29,29,29) (67,69,71) (25,26,27) (55,55,55) (45,46,47) (47,53,59) (59,65,71) (92,97,102) (22,24,26) (69,69,69) (19,22,25) (16,17,18) (37,39,41) (12,13,14) 
(11,12,13) (64,73,82) (32,36,40) (70,70,70) (12,12,12) (71,80,89) (86,99,112) (63,70,77) (47,51,55) (13,14,15) (64,71,78) (28,28,28) (30,35,40) (58,58,58) (34,35,36) 
(57,61,65) (47,49,51) (63,74,85) (82,90,98) (51,60,69) (75,88,101) (3,3,3) (54,60,66) (58,59,60) (91,94,97) (80,91,102) (34,34,34) (26,26,26) (4,4,4) (25,26,27) 
(79,89,99) (77,90,103) (92,95,98) (31,32,33) (17,18,19) (70,73,76) (9,9,9) (18,19,20) (96,97,98) (56,58,60) (32,36,40) (53,62,71) (12,13,14) (16,16,16) (1,1,1) 
(63,71,79) (47,47,47) (92,95,98) (6,7,8) (59,63,67) (45,49,53) (23,24,25) (41,46,51) (68,72,76) (65,73,81) (18,19,20) (90,96,102) (37,41,45) (14,15,16) (77,81,85) 
(40,45,50) (9,9,9) (88,97,106) (56,62,68) (77,77,77) (71,78,85) (62,70,78) (18,19,20) (82,86,90) (13,15,17) (20,23,26) (46,46,46) (29,32,35) (6,6,6) (61,70,79) 
(70,74,78) (45,46,47) (96,98,100) (1,1,1) (49,53,57) (51,59,67) (78,86,94) (87,98,109) (74,76,78) (11,12,13) (79,91,103) (87,98,109) (94,98,102) (11,11,11) (25,27,29) 
(70,73,76) (62,70,78) (13,14,15) (28,32,36) (19,19,19) (56,57,58) (16,17,18) (88,96,104) (54,56,58) (63,73,83) (28,32,36) (6,7,8) (69,79,89) (9,10,11) (90,91,92) 
(35,39,43) (83,87,91) (10,11,12) (69,81,93) (6,7,8) (74,79,84) (24,24,24) (8,9,10) (56,58,60) (38,42,46) (59,67,75) (23,27,31) (20,20,20) (18,19,20) (65,67,69) 
(71,76,81) (84,89,94) (57,64,71) (13,14,15) (10,11,12) (12,14,16) (97,99,101) (74,85,96) (74,81,88) (3,3,3) (45,46,47) (47,47,47) (37,40,43) (79,81,83) (23,27,31) 
(52,55,58) (66,71,76) (5,5,5) (71,83,95) (14,16,18) (4,4,4) (20,20,20) (15,15,15) (51,60,69) (8,8,8) (81,93,105) (32,33,34) (55,63,71) (67,71,75) (25,29,33) 
(87,92,97) (23,25,27) (8,8,8) (84,86,88) (20,22,24) (72,79,86) (20,23,26) (84,96,108) (24,24,24) (84,94,104) (85,97,109) (16,17,18) (43,48,53) (62,67,72) (43,47,51) 
(5,5,5) (67,77,87) (65,74,83) (56,59,62) (13,13,13) (53,57,61) (58,62,66) (36,37,38) (46,54,62) (64,69,74) (71,80,89) (34,35,36) (87,88,89) (42,47,52) (87,98,109) 
