NUMERO DE TRABAJOS
20
NUMERO DE RECURSOS
20
SECUENCIA DE MAQUINAS
1 18 4 15 16 19 0 10 5 14 13 7 8 6 2 11 3 9 12 17 
4 2 3 14 1 0 13 17 18 16 5 10 9 15 19 11 8 6 7 12 
1 16 8 18 13 14 6 0 9 15 19 3 12 5 4 11 10 7 2 17 
19 3 4 9 1 2 18 8 6 16 13 14 12 5 7 11 15 10 17 0 
15 12 1 10 0 19 11 13 2 14 17 6 16 3 7 4 8 9 18 5 
3 7 9 0 5 6 14 16 4 2 19 12 13 18 1 11 17 10 8 15 
17 3 11 9 4 13 16 8 0 18 1 19 10 5 6 15 14 12 7 2 
17 13 16 4 11 7 12 6 8 10 2 18 0 9 15 1 3 5 14 19 
0 11 1 18 2 13 9 7 8 15 16 12 14 10 6 17 3 5 4 19 
9 3 6 12 0 13 2 1 17 16 18 19 4 11 14 7 15 5 8 10 
12 10 16 9 18 7 8 0 6 3 15 1 5 4 17 14 13 19 11 2 
6 18 8 4 7 17 0 14 11 19 3 10 9 16 12 5 1 13 2 15 
17 4 16 12 19 1 2 18 11 3 10 6 5 7 9 0 8 13 15 14 
14 11 1 9 12 7 10 19 2 17 13 16 8 15 5 3 18 0 6 4 
4 10 19 18 16 11 5 15 1 7 2 14 13 3 17 0 12 6 9 8 
2 3 7 18 14 6 12 0 9 13 4 16 10 5 19 11 17 15 8 1 
3 2 15 9 18 11 7 17 16 8 19 13 0 6 4 10 14 1 5 12 
4 10 8 1 12 18 17 15 11 19 3 14 13 7 2 9 5 6 0 16 
13 15 5 14 3 18 17 10 2 19 6 12 11 16 7 0 4 1 9 8 
3 13 18 8 11 9 17 12 16 0 2 14 19 7 10 1 15 4 6 5 
DURACIONES
(28,30,32) (74,80,86) (32,34,36) (90,92,94) (25,29,33) (93,96,99) (25,25,25) (46,49,52) (65,67,69) (48,53,58) (19,20,21) (46,52,58) (27,29,31) (48,51,54) (35,35,35) (35,38,41) (17,18,19) (42,43,44) (45,46,47) (87,98,109) 
(72,73,74) (64,68,72) (3,3,3) (91,98,105) (65,68,71) (8,8,8) (15,15,15) (76,88,100) (62,72,82) (18,20,22) (89,89,89) (56,59,62) (67,68,69) (62,63,64) (40,41,42) (27,30,33) (41,43,45) (70,80,90) (58,64,70) (13,14,15) 
(6,6,6) (31,36,41) (83,88,93) (71,71,71) (46,51,56) (56,63,70) (32,32,32) (15,16,17) (61,63,65) (7,7,7) (16,18,20) (86,90,94) (50,55,60) (23,25,27) (71,72,73) (88,92,96) (84,88,92) (60,69,78) (87,89,91) (73,83,93) 
(55,58,61) (31,35,39) (74,79,84) (43,43,43) (82,86,90) (47,50,53) (59,64,69) (79,88,97) (55,57,59) (24,25,26) (65,73,81) (18,18,18) (4,4,4) (60,69,78) (36,40,44) (25,28,31) (33,37,41) (40,42,44) (80,82,84) (77,83,89) 
(2,2,2) (35,41,47) (12,13,14) (66,75,84) (28,31,34) (61,66,71) (65,72,79) (65,66,67) (84,96,108) (43,45,47) (26,29,32) (48,49,50) (91,96,101) (48,50,52) (34,38,42) (69,80,91) (83,90,97) (36,36,36) (44,50,56) (65,76,87) 
(14,15,16) (31,31,31) (76,89,102) (77,87,97) (54,55,56) (47,49,51) (20,23,26) (17,19,21) (35,38,41) (85,93,101) (74,75,76) (45,45,45) (65,75,85) (71,72,73) (63,65,67) (6,6,6) (16,16,16) (24,24,24) (23,24,25) (39,44,49) 
(4,4,4) (20,22,24) (95,99,103) (9,10,11) (78,85,92) (79,79,79) (2,2,2) (48,54,60) (75,80,85) (2,2,2) (51,58,65) (32,33,34) (83,92,101) (81,93,105) (86,94,102) (30,34,38) (32,36,40) (43,48,53) (51,54,57) (12,12,12) 
(18,19,20) (2,2,2) (7,7,7) (57,60,63) (35,36,37) (11,11,11) (97,97,97) (54,57,60) (68,71,74) (52,60,68) (19,20,21) (65,68,71) (50,53,56) (54,54,54) (54,59,64) (15,16,17) (58,60,62) (60,68,76) (60,65,70) (40,42,44) 
(57,57,57) (16,16,16) (87,92,97) (85,99,113) (81,82,83) (83,91,99) (12,12,12) (17,19,21) (51,59,67) (41,43,45) (18,20,22) (74,84,94) (23,24,25) (75,80,85) (60,60,60) (78,82,86) (61,62,63) (31,32,33) (26,29,32) (18,20,22) 
(74,76,78) (76,78,80) (78,78,78) (37,42,47) (3,3,3) (29,30,31) (7,7,7) (71,82,93) (58,62,66) (13,13,13) (81,84,87) (19,22,25) (73,78,83) (72,80,88) (50,58,66) (52,53,54) (6,6,6) (73,85,97) (23,23,23) (86,99,112) 
(73,83,93) (9,9,9) (66,72,78) (86,88,90) (81,84,87) (86,87,88) (74,78,82) (62,65,68) (20,23,26) (7,7,7) (30,35,40) (82,94,106) (33,33,33) (10,10,10) (6,6,6) (82,85,88) (80,88,96) (18,18,18) (82,94,106) (84,92,100) 
(26,28,30) (31,33,35) (80,93,106) (11,11,11) (23,25,27) (65,67,69) (43,44,45) (28,28,28) (60,69,78) (67,67,67) (8,9,10) (78,82,86) (42,43,44) (48,53,58) (47,48,49) (38,39,40) (45,52,59) (75,75,75) (77,81,85) (43,44,45) 
(22,24,26) (38,44,50) (53,58,63) (65,73,81) (27,30,33) (24,25,26) (20,21,22) (14,14,14) (6,6,6) (36,41,46) (17,19,21) (19,21,23) (35,36,37) (63,72,81) (83,96,109) (29,32,35) (5,5,5) (43,46,49) (61,61,61) (71,82,93) 
(85,91,97) (41,42,43) (89,97,105) (63,65,67) (74,78,82) (35,40,45) (88,93,98) (61,64,67) (8,8,8) (49,56,63) (10,10,10) (83,93,103) (24,28,32) (68,77,86) (78,87,96) (26,26,26) (33,33,33) (16,17,18) (2,2,2) (31,35,39) 
(14,15,16) (45,45,45) (96,96,96) (11,11,11) (87,95,103) (35,39,43) (19,22,25) (69,73,77) (76,79,82) (56,64,72) (73,79,85) (76,88,100) (60,65,70) (24,24,24) (38,38,38) (17,17,17) (3,3,3) (63,73,83) (59,59,59) (90,92,94) 
(3,3,3) (26,28,30) (17,17,17) (61,71,81) (78,91,104) (16,17,18) (66,69,72) (66,69,72) (49,51,53) (35,40,45) (88,93,98) (82,82,82) (42,47,52) (42,42,42) (51,59,67) (7,7,7) (43,43,43) (82,83,84) (44,45,46) (74,83,92) 
(60,67,74) (9,9,9) (37,37,37) (56,62,68) (82,82,82) (63,69,75) (29,34,39) (35,39,43) (13,15,17) (73,84,95) (29,32,35) (69,72,75) (67,68,69) (88,95,102) (63,70,77) (76,80,84) (68,78,88) (73,80,87) (29,30,31) (40,44,48) 
(12,13,14) (95,96,97) (24,26,28) (4,4,4) (88,89,90) (85,98,111) (72,83,94) (8,8,8) (70,70,70) (63,68,73) (34,37,40) (20,20,20) (35,35,35) (96,99,102) (25,27,29) (12,12,12) (73,73,73) (86,92,98) (94,98,102) (71,75,79) 
(71,75,79) (1,1,1) (35,35,35) (72,73,74) (32,35,38) (6,6,6) (37,38,39) (30,34,38) (62,70,78) (49,51,53) (16,16,16) (67,78,89) (57,58,59) (9,9,9) (97,97,97) (53,55,57) (33,38,43) (61,65,69) (1,1,1) (8,8,8) 
(25,27,29) (34,36,38) (46,50,54) (20,21,22) (32,32,32) (6,6,6) (34,34,34) (73,84,95) (45,50,55) (38,39,40) (4,4,4) (83,94,105) (43,49,55) (19,20,21) (86,98,110) (56,64,72) (40,41,42) (29,29,29) (4,4,4) (90,90,90) 
TIEMPOS MAXIMOS DE FIN
(10000,10000) (10000,10000) (10000,10000) (10000,10000) (10000,10000) (10000,10000) (10000,10000) (10000,10000) (10000,10000) (10000,10000) (10000,10000) (10000,10000) (10000,10000) (10000,10000) (10000,10000) (10000,10000) (10000,10000) (10000,10000) (10000,10000) (10000,10000) 
// Desviacion: min(0), max(0.147059), promedio(0.058799)
