NUMERO DE TRABAJOS
20
NUMERO DE RECURSOS
20
SECUENCIA DE MAQUINAS
7 13 17 6 8 11 4 3 12 18 9 2 0 1 10 16 15 14 5 19 
7 17 16 10 0 15 12 1 2 9 18 5 3 6 19 14 4 11 8 13 
11 17 19 0 2 4 8 14 10 3 5 12 18 15 1 16 6 7 9 13 
2 7 17 12 1 16 13 6 19 3 18 11 5 0 4 14 8 10 15 9 
3 5 12 0 10 17 16 2 7 8 9 18 19 4 13 11 1 6 15 14 
9 13 6 0 7 18 12 17 19 10 3 4 16 1 15 8 2 11 14 5 
7 3 5 17 14 19 8 9 13 11 1 12 16 0 2 18 15 4 10 6 
15 16 12 5 4 9 18 3 8 19 17 6 13 11 0 7 14 10 1 2 
2 5 6 19 4 18 1 0 8 9 7 12 13 14 17 15 16 3 10 11 
19 0 17 14 7 11 8 6 12 4 10 2 16 13 3 9 1 15 18 5 
10 4 14 9 19 6 18 0 13 12 16 5 7 8 17 3 1 2 15 11 
4 18 12 15 3 8 19 9 5 6 16 14 10 0 2 1 17 13 11 7 
4 5 6 7 11 10 0 17 2 9 14 13 1 16 8 19 15 12 3 18 
5 0 17 14 8 12 2 9 18 6 19 3 13 7 4 15 11 1 10 16 
10 1 15 5 8 4 9 13 14 2 17 6 3 16 19 11 7 18 0 12 
1 5 2 16 11 17 14 8 9 18 4 12 15 19 7 0 13 6 10 3 
1 18 2 14 5 8 10 6 19 4 13 9 16 7 11 12 15 0 3 17 
11 3 14 7 1 13 18 9 19 12 8 15 4 6 16 17 2 10 0 5 
10 2 17 7 8 18 13 6 5 16 0 15 1 3 12 11 9 14 19 4 
8 16 0 2 11 10 19 17 7 14 3 4 13 15 6 5 1 9 12 18 
DURACIONES
(78,86,94) (41,43,45) (61,61,61) (86,99,112) (7,7,7) (63,70,77) (20,21,22) (2,2,2) (84,88,92) (33,38,43) (59,65,71) (70,81,92) (35,38,41) (49,51,53) (74,81,88) (35,37,39) (68,72,76) (86,94,102) (42,44,46) (92,99,106) 
(79,80,81) (58,66,74) (80,90,100) (80,83,86) (82,89,96) (7,7,7) (54,55,56) (16,17,18) (13,13,13) (41,45,49) (25,28,31) (69,73,77) (40,44,48) (64,65,66) (48,50,52) (83,84,85) (63,70,77) (69,71,73) (28,32,36) (82,91,100) 
(88,90,92) (39,43,47) (35,37,39) (69,71,73) (56,64,72) (88,88,88) (24,27,30) (26,30,34) (32,34,36) (96,99,102) (9,10,11) (39,44,49) (85,99,113) (82,94,106) (93,96,99) (88,98,108) (38,44,50) (7,7,7) (33,33,33) (59,59,59) 
(33,34,35) (47,52,57) (5,5,5) (4,4,4) (72,84,96) (51,54,57) (3,3,3) (92,97,102) (36,39,42) (9,9,9) (9,9,9) (91,91,91) (59,60,61) (4,4,4) (61,63,65) (3,3,3) (30,35,40) (77,79,81) (63,66,69) (95,97,99) 
(51,52,53) (45,51,57) (68,72,76) (22,24,26) (90,96,102) (49,54,59) (51,51,51) (58,61,64) (88,92,96) (73,81,89) (72,74,76) (43,49,55) (24,24,24) (58,59,60) (4,4,4) (19,21,23) (74,78,82) (2,2,2) (3,3,3) (49,49,49) 
(37,42,47) (42,47,52) (10,10,10) (27,27,27) (34,38,42) (80,92,104) (81,88,95) (16,16,16) (3,3,3) (51,56,61) (73,80,87) (10,10,10) (25,26,27) (70,78,86) (65,69,73) (85,91,97) (77,82,87) (77,77,77) (70,73,76) (95,96,97) 
(18,19,20) (34,38,42) (77,83,89) (46,50,54) (28,31,34) (76,87,98) (66,67,68) (89,99,109) (66,69,72) (73,77,81) (4,4,4) (31,31,31) (85,96,107) (72,77,82) (73,80,87) (63,68,73) (74,74,74) (75,86,97) (30,30,30) (52,54,56) 
(23,25,27) (45,47,49) (9,10,11) (15,16,17) (76,83,90) (61,62,63) (3,3,3) (35,38,41) (87,87,87) (17,19,21) (95,98,101) (2,2,2) (56,58,60) (27,30,33) (22,22,22) (51,55,59) (75,80,85) (64,69,74) (75,77,79) (38,40,42) 
(16,17,18) (94,98,102) (24,25,26) (41,41,41) (60,62,64) (27,28,29) (47,52,57) (5,5,5) (25,25,25) (34,37,40) (82,93,104) (63,63,63) (22,23,24) (51,58,65) (84,92,100) (65,70,75) (80,90,100) (28,29,30) (26,26,26) (65,69,73) 
(38,41,44) (61,65,69) (30,34,38) (4,4,4) (68,73,78) (78,79,80) (54,58,62) (14,14,14) (92,97,102) (70,71,72) (91,97,103) (85,95,105) (51,58,65) (12,12,12) (15,17,19) (63,66,69) (73,78,83) (61,68,75) (59,69,79) (48,53,58) 
(24,27,30) (81,83,85) (18,20,22) (12,12,12) (79,86,93) (31,34,37) (35,36,37) (25,28,31) (57,63,69) (35,37,39) (20,23,26) (50,50,50) (79,90,101) (5,5,5) (17,17,17) (74,80,86) (32,35,38) (4,4,4) (36,41,46) (71,81,91) 
(74,85,96) (90,92,94) (82,90,98) (85,95,105) (18,19,20) (58,59,60) (93,94,95) (73,75,77) (75,75,75) (47,47,47) (8,9,10) (6,6,6) (39,43,47) (28,30,32) (82,88,94) (18,19,20) (9,10,11) (68,76,84) (50,58,66) (29,29,29) 
(21,23,25) (86,87,88) (47,50,53) (73,76,79) (24,26,28) (26,28,30) (35,36,37) (31,35,39) (4,4,4) (32,32,32) (21,22,23) (69,74,79) (45,52,59) (13,13,13) (14,14,14) (57,61,65) (46,47,48) (76,87,98) (73,73,73) (55,64,73) 
(73,80,87) (43,43,43) (40,45,50) (86,92,98) (67,68,69) (57,66,75) (57,60,63) (32,37,42) (56,60,64) (44,51,58) (36,41,46) (61,61,61) (88,98,108) (56,59,62) (90,95,100) (37,38,39) (66,67,68) (11,12,13) (95,95,95) (19,22,25) 
(56,57,58) (94,96,98) (11,11,11) (24,25,26) (62,69,76) (51,59,67) (44,45,46) (50,52,54) (78,85,92) (26,26,26) (81,91,101) (55,57,59) (26,30,34) (28,32,36) (52,58,64) (40,40,40) (10,11,12) (17,19,21) (19,19,19) (78,82,86) 
(80,81,82) (82,83,84) (75,77,79) (44,45,46) (62,63,64) (91,95,99) (22,25,28) (48,48,48) (26,27,28) (51,56,61) (54,54,54) (76,82,88) (30,32,34) (88,99,110) (36,41,46) (1,1,1) (2,2,2) (57,61,65) (22,23,24) (23,26,29) 
(43,47,51) (9,9,9) (86,90,94) (26,28,30) (60,68,76) (20,23,26) (62,66,70) (45,46,47) (75,75,75) (93,96,99) (68,68,68) (57,60,63) (44,46,48) (31,35,39) (9,9,9) (80,89,98) (93,96,99) (39,42,45) (2,2,2) (86,86,86) 
(81,90,99) (45,52,59) (9,10,11) (24,25,26) (53,59,65) (48,55,62) (29,30,31) (29,33,37) (16,18,20) (78,80,82) (70,73,76) (38,41,44) (9,9,9) (64,64,64) (79,79,79) (28,31,34) (71,79,87) (42,44,46) (13,14,15) (66,73,80) 
(54,59,64) (54,57,60) (63,67,71) (44,47,50) (13,13,13) (32,35,38) (64,72,80) (72,74,76) (55,56,57) (85,85,85) (48,52,56) (23,25,27) (86,92,98) (83,92,101) (77,81,85) (72,76,80) (89,91,93) (86,93,100) (36,36,36) (87,88,89) 
(28,28,28) (79,89,99) (3,3,3) (69,75,81) (29,31,33) (76,87,98) (58,66,74) (62,67,72) (34,34,34) (17,19,21) (30,30,30) (86,91,96) (47,53,59) (75,81,87) (13,13,13) (14,15,16) (59,59,59) (17,17,17) (82,85,88) (10,11,12) 
TIEMPOS MAXIMOS DE FIN
(10000,10000) (10000,10000) (10000,10000) (10000,10000) (10000,10000) (10000,10000) (10000,10000) (10000,10000) (10000,10000) (10000,10000) (10000,10000) (10000,10000) (10000,10000) (10000,10000) (10000,10000) (10000,10000) (10000,10000) (10000,10000) (10000,10000) (10000,10000) 
// Desviacion: min(0), max(0.144928), promedio(0.0576932)
