NUMERO DE TRABAJOS
20
NUMERO DE RECURSOS
20
SECUENCIA DE MAQUINAS
10 9 16 18 17 5 14 2 13 19 12 3 8 4 1 15 0 6 11 7 
4 19 5 6 2 7 16 12 9 11 8 13 14 3 1 15 18 17 0 10 
10 3 14 0 16 1 2 5 7 15 17 13 19 4 11 12 9 18 8 6 
1 8 17 11 0 10 12 5 13 4 6 3 15 7 16 14 9 2 19 18 
13 16 18 10 15 4 14 5 19 2 17 0 6 7 3 1 9 12 11 8 
5 7 15 19 17 4 12 2 3 18 8 13 0 9 14 10 11 6 1 16 
10 3 12 8 9 16 19 6 13 11 17 0 14 18 1 4 15 5 7 2 
4 14 18 3 16 7 9 10 17 11 15 0 5 6 19 13 12 1 8 2 
8 4 7 5 9 19 3 0 13 14 11 17 16 10 1 2 12 6 18 15 
11 19 12 4 18 6 8 13 15 2 0 1 3 17 16 10 5 9 7 14 
0 17 1 18 13 12 6 7 2 5 15 10 11 9 19 16 4 14 3 8 
0 10 5 8 2 1 15 7 18 3 12 13 9 17 19 11 16 6 14 4 
16 13 4 19 18 6 10 5 9 17 1 12 14 8 15 11 3 0 7 2 
17 13 4 12 7 0 11 3 2 8 16 18 1 6 14 15 10 19 5 9 
12 10 16 5 9 0 6 18 1 2 15 11 14 3 8 7 13 19 17 4 
7 1 4 13 16 12 9 3 14 18 0 10 5 17 8 2 19 6 15 11 
14 8 18 17 15 19 3 12 16 0 2 1 13 5 10 11 9 7 6 4 
8 9 15 7 5 1 0 18 14 2 6 12 17 4 10 19 11 13 16 3 
16 4 15 14 8 7 18 19 12 5 6 9 1 2 13 3 0 11 17 10 
4 8 2 14 15 6 13 17 12 9 7 5 3 1 0 11 19 10 18 16 
DURACIONES
(73,84,95) (41,45,49) (52,53,54) (42,48,54) (8,9,10) (9,9,9) (37,39,41) (73,79,85) (74,83,92) (44,50,56) (24,24,24) (46,49,52) (73,81,89) (5,5,5) (61,70,79) (82,89,96) (83,91,99) (25,25,25) (74,80,86) (36,36,36) 
(68,75,82) (42,48,54) (6,6,6) (32,32,32) (62,68,74) (21,23,25) (38,44,50) (19,21,23) (37,42,47) (13,13,13) (73,74,75) (30,31,32) (59,62,65) (87,91,95) (64,65,66) (64,66,68) (24,26,28) (88,96,104) (89,97,105) (48,51,54) 
(47,49,51) (23,26,29) (33,35,37) (60,64,68) (48,55,62) (69,78,87) (71,72,73) (76,83,90) (57,59,61) (15,16,17) (90,92,94) (65,68,71) (57,64,71) (4,4,4) (71,76,81) (79,82,85) (61,70,79) (67,75,83) (58,65,72) (27,31,35) 
(49,55,61) (50,58,66) (36,37,38) (30,32,34) (31,31,31) (65,65,65) (63,65,67) (80,85,90) (50,50,50) (88,94,100) (37,37,37) (18,20,22) (81,94,107) (18,20,22) (30,31,32) (30,30,30) (45,49,53) (8,8,8) (22,22,22) (45,47,49) 
(81,81,81) (59,68,77) (2,2,2) (64,69,74) (37,38,39) (7,7,7) (80,81,82) (70,79,88) (76,76,76) (92,94,96) (63,65,67) (11,11,11) (91,98,105) (38,38,38) (90,95,100) (91,93,95) (9,9,9) (20,21,22) (16,17,18) (71,79,87) 
(60,64,68) (7,7,7) (92,94,96) (29,29,29) (76,77,78) (72,75,78) (46,50,54) (78,78,78) (57,57,57) (29,29,29) (65,66,67) (84,93,102) (69,74,79) (67,73,79) (73,80,87) (8,8,8) (26,26,26) (85,87,89) (59,69,79) (78,85,92) 
(44,49,54) (52,59,66) (87,91,95) (51,59,67) (24,25,26) (40,44,48) (45,50,55) (37,41,45) (29,33,37) (83,89,95) (73,79,85) (3,3,3) (54,54,54) (79,82,85) (54,63,72) (30,31,32) (14,15,16) (2,2,2) (61,67,73) (61,71,81) 
(4,4,4) (19,20,21) (23,23,23) (30,33,36) (60,65,70) (42,44,46) (56,57,58) (20,20,20) (81,93,105) (22,23,24) (17,18,19) (8,8,8) (66,72,78) (53,54,55) (16,18,20) (85,93,101) (43,43,43) (16,18,20) (55,56,57) (21,21,21) 
(58,58,58) (25,25,25) (34,34,34) (87,89,91) (50,54,58) (81,89,97) (11,12,13) (51,51,51) (71,74,77) (76,78,80) (4,4,4) (69,72,75) (75,81,87) (81,92,103) (60,69,78) (35,35,35) (25,25,25) (35,35,35) (9,10,11) (30,33,36) 
(30,33,36) (77,84,91) (65,75,85) (62,66,70) (46,49,52) (67,77,87) (87,87,87) (44,44,44) (35,37,39) (61,67,73) (30,33,36) (65,75,85) (62,65,68) (40,44,48) (59,66,73) (43,45,47) (86,93,100) (88,98,108) (20,22,24) (66,67,68) 
(17,17,17) (26,26,26) (54,54,54) (23,25,27) (79,92,105) (33,34,35) (43,47,51) (71,80,89) (23,24,25) (83,92,101) (64,75,86) (60,68,76) (76,84,92) (69,72,75) (79,84,89) (92,94,96) (66,69,72) (91,96,101) (34,34,34) (29,29,29) 
(65,66,67) (75,79,83) (73,74,75) (66,67,68) (72,72,72) (22,22,22) (45,50,55) (27,30,33) (43,47,51) (70,75,80) (41,43,45) (40,44,48) (70,71,72) (55,61,67) (47,54,61) (87,99,111) (11,11,11) (84,97,110) (73,75,77) (72,81,90) 
(32,35,38) (68,75,82) (95,99,103) (66,72,78) (86,92,98) (83,90,97) (26,26,26) (83,91,99) (63,70,77) (82,82,82) (12,13,14) (40,45,50) (71,82,93) (53,58,63) (34,38,42) (18,19,20) (58,66,74) (23,23,23) (49,49,49) (18,19,20) 
(81,82,83) (65,74,83) (39,40,41) (29,33,37) (9,9,9) (33,33,33) (25,26,27) (40,44,48) (16,18,20) (67,73,79) (37,41,45) (87,96,105) (39,39,39) (88,91,94) (86,89,92) (11,11,11) (1,1,1) (2,2,2) (63,69,75) (10,10,10) 
(23,25,27) (29,32,35) (40,41,42) (14,14,14) (62,67,72) (24,25,26) (90,94,98) (84,89,94) (19,21,23) (92,98,104) (81,92,103) (62,72,82) (52,57,62) (4,4,4) (1,1,1) (2,2,2) (82,84,86) (87,91,95) (41,42,43) (84,85,86) 
(27,29,31) (96,98,100) (41,41,41) (79,87,95) (51,52,53) (9,9,9) (20,22,24) (2,2,2) (77,79,81) (73,73,73) (15,16,17) (20,22,24) (91,97,103) (12,13,14) (19,19,19) (12,13,14) (46,50,54) (43,43,43) (88,91,94) (34,34,34) 
(88,91,94) (39,41,43) (42,47,52) (57,61,65) (61,66,71) (28,31,34) (87,92,97) (42,42,42) (19,19,19) (87,98,109) (35,36,37) (28,29,30) (8,8,8) (22,25,28) (5,5,5) (86,90,94) (59,62,65) (62,63,64) (16,17,18) (21,23,25) 
(68,69,70) (77,78,79) (57,61,65) (51,52,53) (38,40,42) (70,71,72) (40,40,40) (55,61,67) (87,93,99) (36,37,38) (29,32,35) (47,48,49) (6,7,8) (36,37,38) (65,69,73) (4,4,4) (75,79,83) (71,81,91) (10,10,10) (67,75,83) 
(86,90,94) (16,16,16) (63,68,73) (32,32,32) (91,96,101) (7,7,7) (37,42,47) (46,52,58) (34,38,42) (62,68,74) (68,72,76) (73,78,83) (9,10,11) (54,61,68) (37,40,43) (31,31,31) (72,81,90) (68,69,70) (76,84,92) (26,27,28) 
(83,91,99) (16,17,18) (71,75,79) (7,7,7) (44,44,44) (9,10,11) (30,32,34) (73,78,83) (9,9,9) (65,69,73) (42,45,48) (83,87,91) (77,90,103) (47,50,53) (38,42,46) (2,2,2) (19,21,23) (57,62,67) (90,93,96) (84,88,92) 
TIEMPOS MAXIMOS DE FIN
(10000,10000) (10000,10000) (10000,10000) (10000,10000) (10000,10000) (10000,10000) (10000,10000) (10000,10000) (10000,10000) (10000,10000) (10000,10000) (10000,10000) (10000,10000) (10000,10000) (10000,10000) (10000,10000) (10000,10000) (10000,10000) (10000,10000) (10000,10000) 
// Desviacion: min(0), max(0.146667), promedio(0.0560056)
