NUMBER OF JOBS
30
NUMBER OF RESOURCES
15
RESOURCE SEQUENCE
2 13 9 1 4 0 14 12 6 11 5 7 3 8 10 
3 11 14 1 5 0 8 10 2 4 6 9 12 13 7 
2 8 6 5 4 7 0 14 11 1 10 12 3 13 9 
6 0 8 7 4 9 2 14 12 10 11 1 3 5 13 
12 3 5 0 10 11 13 6 7 4 8 2 1 14 9 
11 1 3 0 5 8 7 10 4 2 6 9 12 14 13 
10 1 11 5 9 4 13 3 7 0 8 6 14 12 2 
12 1 4 5 13 9 2 14 7 3 11 8 6 10 0 
10 14 11 9 4 0 3 2 6 8 5 13 7 1 12 
14 2 3 1 5 9 10 4 11 0 8 7 6 13 12 
7 6 12 1 2 11 3 14 4 13 5 0 8 9 10 
14 3 13 0 7 12 6 1 11 10 2 8 9 4 5 
3 11 13 8 2 1 10 14 4 9 12 5 6 0 7 
8 0 13 1 6 14 10 4 5 11 2 9 7 12 3 
5 12 4 6 14 8 3 7 13 9 1 10 2 11 0 
2 5 12 11 1 4 7 14 0 9 8 6 3 13 10 
10 3 1 4 7 5 2 0 14 12 8 6 13 9 11 
2 6 13 4 3 8 7 5 14 10 9 12 1 11 0 
2 0 6 11 5 12 7 14 13 4 3 1 10 8 9 
6 5 2 3 0 7 10 1 14 4 8 13 9 11 12 
5 13 2 14 11 0 6 4 1 9 7 10 12 3 8 
12 6 0 14 9 10 5 4 7 3 8 13 11 1 2 
1 5 10 4 12 3 0 7 8 14 9 13 11 2 6 
13 3 8 2 14 6 10 7 9 1 4 0 5 11 12 
8 1 3 12 0 2 4 6 14 9 13 11 5 7 10 
2 0 7 5 11 8 13 1 14 9 4 10 6 12 3 
7 6 9 11 10 13 12 0 5 1 4 3 8 2 14 
7 0 14 10 3 2 11 5 12 1 6 4 8 13 9 
10 14 5 1 6 4 13 8 2 11 0 9 12 3 7 
13 1 2 0 6 12 10 7 9 5 3 11 4 8 14 
PROCESSING TIMES
(82,96,110) (79,86,93) (71,75,79) (3,3,3) (97,97,97) (76,88,100) (81,88,95) (62,66,70) (14,16,18) (57,63,69) (72,73,74) (3,3,3) (56,63,70) (91,91,91) (29,33,37) 
(18,21,24) (33,33,33) (36,38,40) (80,94,108) (75,79,83) (31,36,41) (46,50,54) (77,83,89) (4,4,4) (78,83,88) (7,7,7) (24,26,28) (76,87,98) (13,15,17) (80,90,100) 
(88,88,88) (37,37,37) (87,94,101) (56,65,74) (22,24,26) (83,86,89) (88,96,104) (80,94,108) (70,81,92) (2,2,2) (81,93,105) (5,5,5) (21,23,25) (39,45,51) (11,11,11) 
(62,62,62) (57,61,65) (37,37,37) (1,1,1) (9,10,11) (20,21,22) (83,88,93) (24,24,24) (60,61,62) (41,42,43) (49,54,59) (86,92,98) (4,4,4) (35,38,41) (8,9,10) 
(49,52,55) (83,87,91) (36,37,38) (23,27,31) (75,76,77) (69,69,69) (69,76,83) (65,74,83) (77,86,95) (45,46,47) (72,84,96) (46,48,50) (16,16,16) (78,91,104) (27,28,29) 
(32,35,38) (51,53,55) (41,46,51) (97,99,101) (17,17,17) (77,78,79) (72,84,96) (77,88,99) (53,60,67) (49,53,57) (25,27,29) (31,33,35) (76,88,100) (64,75,86) (12,13,14) 
(70,79,88) (70,72,74) (22,25,28) (52,52,52) (22,24,26) (89,98,107) (4,4,4) (87,99,111) (15,17,19) (50,52,54) (82,85,88) (48,48,48) (82,85,88) (96,99,102) (65,72,79) 
(68,77,86) (75,80,85) (41,44,47) (71,73,75) (42,46,50) (54,60,66) (25,25,25) (61,67,73) (17,18,19) (16,17,18) (4,4,4) (67,73,79) (31,32,33) (64,67,70) (6,6,6) 
(49,51,53) (25,26,27) (28,29,30) (51,57,63) (50,54,58) (15,16,17) (40,41,42) (2,2,2) (13,15,17) (88,88,88) (45,47,49) (10,10,10) (2,2,2) (64,75,86) (16,16,16) 
(27,27,27) (1,1,1) (87,88,89) (41,44,47) (17,17,17) (18,20,22) (48,50,52) (39,40,41) (39,40,41) (63,65,67) (10,10,10) (49,50,51) (10,11,12) (34,36,38) (72,81,90) 
(6,6,6) (36,36,36) (59,67,75) (68,73,78) (26,30,34) (85,97,109) (57,62,67) (10,11,12) (71,80,89) (24,25,26) (59,60,61) (36,42,48) (41,42,43) (36,40,44) (51,55,59) 
(57,59,61) (85,86,87) (85,89,93) (8,8,8) (4,4,4) (15,16,17) (63,67,71) (43,43,43) (63,74,85) (95,97,99) (3,3,3) (11,12,13) (51,55,59) (3,3,3) (25,29,33) 
(21,22,23) (82,88,94) (34,39,44) (81,91,101) (22,25,28) (23,23,23) (37,38,39) (14,14,14) (67,72,77) (82,87,92) (69,78,87) (36,42,48) (3,3,3) (27,31,35) (73,83,93) 
(74,74,74) (62,69,76) (58,59,60) (74,74,74) (56,61,66) (81,83,85) (77,82,87) (38,43,48) (42,42,42) (41,43,45) (18,20,22) (51,51,51) (6,7,8) (5,5,5) (7,7,7) 
(74,75,76) (64,71,78) (44,45,46) (84,92,100) (9,9,9) (47,48,49) (18,20,22) (24,28,32) (23,25,27) (13,14,15) (52,61,70) (37,39,41) (60,65,70) (26,28,30) (44,49,54) 
(81,94,107) (11,12,13) (32,33,34) (33,35,37) (57,57,57) (32,33,34) (19,22,25) (42,47,52) (76,87,98) (45,47,49) (56,61,66) (37,42,47) (83,84,85) (11,12,13) (50,58,66) 
(70,71,72) (32,35,38) (60,70,80) (65,67,69) (86,86,86) (37,42,47) (69,72,75) (51,52,53) (63,73,83) (38,44,50) (86,96,106) (40,42,44) (96,96,96) (3,3,3) (84,94,104) 
(63,70,77) (28,30,32) (44,48,52) (54,57,60) (58,66,74) (84,95,106) (83,95,107) (17,17,17) (57,64,71) (70,70,70) (6,6,6) (99,99,99) (62,63,64) (32,33,34) (25,27,29) 
(77,80,83) (89,93,97) (14,15,16) (78,86,94) (31,33,35) (61,65,69) (42,44,46) (22,22,22) (79,86,93) (82,93,104) (79,92,105) (85,88,91) (62,65,68) (34,39,44) (13,14,15) 
(87,91,95) (39,42,45) (12,14,16) (15,17,19) (44,50,56) (16,16,16) (2,2,2) (35,36,37) (44,47,50) (10,11,12) (32,34,36) (27,29,31) (66,71,76) (67,78,89) (51,55,59) 
(65,76,87) (57,67,77) (34,35,36) (87,93,99) (13,13,13) (52,58,64) (22,24,26) (9,10,11) (6,6,6) (42,49,56) (36,40,44) (60,61,62) (63,72,81) (87,97,107) (15,17,19) 
(89,89,89) (78,86,94) (42,45,48) (56,59,62) (16,16,16) (50,52,54) (37,39,41) (77,83,89) (11,11,11) (49,56,63) (28,30,32) (57,60,63) (79,80,81) (37,43,49) (4,4,4) 
(46,49,52) (38,44,50) (3,3,3) (65,73,81) (45,49,53) (62,63,64) (17,20,23) (61,68,75) (39,40,41) (34,37,40) (16,17,18) (57,66,75) (80,92,104) (71,82,93) (5,5,5) 
(68,69,70) (52,57,62) (31,34,37) (64,67,70) (64,73,82) (56,60,64) (81,93,105) (1,1,1) (40,43,46) (64,67,70) (78,85,92) (79,80,81) (79,80,81) (72,81,90) (93,98,103) 
(49,55,61) (26,27,28) (44,50,56) (95,96,97) (42,42,42) (75,76,77) (29,33,37) (82,82,82) (72,82,92) (87,87,87) (91,93,95) (41,42,43) (18,20,22) (94,97,100) (14,15,16) 
(7,8,9) (73,79,85) (22,24,26) (19,19,19) (64,73,82) (77,82,87) (47,47,47) (89,90,91) (95,97,99) (86,93,100) (62,69,76) (46,47,48) (65,68,71) (39,44,49) (48,54,60) 
(47,52,57) (11,11,11) (97,98,99) (40,44,48) (12,14,16) (36,38,40) (57,57,57) (45,50,55) (37,40,43) (77,89,101) (2,2,2) (67,73,79) (17,19,21) (37,40,43) (91,96,101) 
(5,5,5) (49,52,55) (43,45,47) (15,17,19) (80,94,108) (40,44,48) (9,9,9) (16,18,20) (35,37,39) (84,84,84) (25,28,31) (71,78,85) (27,28,29) (67,68,69) (63,64,65) 
(21,23,25) (63,63,63) (56,57,58) (52,57,62) (19,22,25) (67,71,75) (67,69,71) (14,15,16) (19,19,19) (77,88,99) (25,25,25) (76,83,90) (55,62,69) (48,54,60) (64,68,72) 
(43,47,51) (88,96,104) (10,11,12) (99,99,99) (26,28,30) (7,8,9) (47,50,53) (18,18,18) (95,97,99) (10,10,10) (49,54,59) (46,50,54) (61,67,73) (16,16,16) (77,79,81) 
