NUMBER OF JOBS
30
NUMBER OF RESOURCES
15
RESOURCE SEQUENCE
2 13 1 9 8 12 4 10 11 3 6 7 14 5 0 
6 3 0 10 13 7 4 14 11 5 1 8 12 9 2 
4 6 12 11 0 7 14 13 5 1 9 8 10 2 3 
11 4 14 0 1 9 2 8 5 10 12 3 7 13 6 
0 5 11 1 7 4 14 13 2 6 3 9 8 12 10 
11 5 3 2 0 1 4 12 7 8 13 14 9 6 10 
11 9 6 7 2 14 12 5 1 3 10 13 4 8 0 
4 11 8 2 5 6 12 7 13 0 9 1 10 3 14 
1 2 12 7 5 13 10 9 4 14 0 8 11 6 3 
11 12 8 7 10 3 6 9 2 1 0 13 4 5 14 
3 2 14 7 9 6 10 0 11 1 5 8 12 13 4 
1 5 13 6 8 10 3 2 12 0 9 4 14 7 11 
2 8 13 5 9 0 12 1 6 3 7 11 14 4 10 
11 12 9 13 10 4 5 7 8 3 2 0 1 14 6 
11 13 12 7 6 5 0 1 3 9 4 8 14 10 2 
0 2 1 6 9 3 12 5 13 8 7 4 14 10 11 
14 8 1 3 13 4 0 2 10 11 12 6 7 9 5 
3 5 10 1 4 6 8 14 7 11 12 9 13 2 0 
0 12 1 13 3 4 9 14 11 10 8 5 2 7 6 
1 9 13 7 0 10 2 11 14 12 8 6 4 3 5 
4 2 3 12 13 10 6 7 9 8 14 11 5 0 1 
8 11 3 6 12 2 10 9 7 4 13 14 0 5 1 
4 1 6 10 8 3 11 12 2 9 0 5 14 13 7 
13 9 5 12 6 8 3 1 7 2 11 14 4 10 0 
3 10 14 5 11 7 8 13 1 6 4 9 12 0 2 
0 12 6 1 4 9 7 10 14 5 13 11 8 3 2 
10 2 0 5 4 9 13 14 12 8 7 3 1 6 11 
9 3 8 13 4 6 14 5 2 12 0 10 11 1 7 
14 2 6 10 1 5 11 7 0 9 13 4 12 8 3 
6 7 12 5 4 9 1 13 2 10 8 14 11 0 3 
PROCESSING TIMES
(69,81,93) (54,59,64) (8,8,8) (88,88,88) (12,14,16) (17,18,19) (21,22,23) (47,52,57) (68,75,82) (33,33,33) (20,23,26) (69,69,69) (36,42,48) (23,26,29) (54,54,54) 
(4,4,4) (75,79,83) (65,76,87) (56,59,62) (36,42,48) (26,28,30) (70,75,80) (57,60,63) (40,41,42) (12,14,16) (87,99,111) (52,58,64) (36,41,46) (66,66,66) (1,1,1) 
(37,37,37) (59,63,67) (40,46,52) (71,79,87) (37,38,39) (41,44,47) (16,18,20) (40,45,50) (47,55,63) (70,78,86) (68,79,90) (26,27,28) (6,6,6) (21,21,21) (66,70,74) 
(58,58,58) (54,63,72) (53,56,59) (26,27,28) (37,37,37) (50,51,52) (37,37,37) (28,31,34) (23,24,25) (68,73,78) (6,7,8) (68,72,76) (33,34,35) (31,32,33) (23,27,31) 
(94,95,96) (33,33,33) (73,81,89) (20,23,26) (24,26,28) (12,12,12) (28,32,36) (57,60,63) (89,89,89) (67,78,89) (19,20,21) (32,35,38) (34,35,36) (30,34,38) (17,17,17) 
(61,64,67) (11,11,11) (50,58,66) (61,70,79) (28,31,34) (68,74,80) (76,82,88) (29,31,33) (57,65,73) (78,90,102) (54,63,72) (71,81,91) (78,80,82) (60,70,80) (82,82,82) 
(91,99,107) (25,28,31) (55,63,71) (70,81,92) (82,86,90) (10,10,10) (7,7,7) (17,17,17) (21,22,23) (41,45,49) (81,92,103) (1,1,1) (35,37,39) (34,37,40) (42,43,44) 
(78,86,94) (84,92,100) (72,74,76) (86,93,100) (38,42,46) (26,28,30) (54,59,64) (73,77,81) (78,81,84) (39,41,43) (11,11,11) (44,45,46) (55,62,69) (21,22,23) (54,57,60) 
(12,12,12) (81,90,99) (70,70,70) (85,89,93) (36,37,38) (48,56,64) (21,21,21) (74,74,74) (62,63,64) (36,39,42) (37,37,37) (76,83,90) (74,78,82) (64,66,68) (6,6,6) 
(37,38,39) (64,67,70) (27,27,27) (11,11,11) (41,45,49) (20,21,22) (65,73,81) (47,47,47) (28,31,34) (22,24,26) (52,59,66) (80,91,102) (43,46,49) (44,48,52) (37,42,47) 
(60,63,66) (17,17,17) (51,59,67) (27,27,27) (73,81,89) (6,7,8) (19,19,19) (52,52,52) (71,74,77) (9,9,9) (47,50,53) (55,59,63) (41,41,41) (55,64,73) (94,96,98) 
(71,81,91) (85,91,97) (9,10,11) (43,46,49) (61,65,69) (63,73,83) (53,59,65) (80,93,106) (75,75,75) (45,47,49) (60,61,62) (80,86,92) (62,65,68) (26,29,32) (18,21,24) 
(55,63,71) (8,9,10) (81,81,81) (33,37,41) (32,32,32) (62,62,62) (85,93,101) (61,63,65) (50,53,56) (89,99,109) (62,62,62) (10,10,10) (77,85,93) (43,43,43) (23,25,27) 
(26,26,26) (46,46,46) (6,7,8) (49,50,51) (62,68,74) (77,81,85) (86,88,90) (59,66,73) (79,90,101) (47,51,55) (59,62,65) (25,29,33) (81,87,93) (38,41,44) (8,8,8) 
(81,90,99) (7,8,9) (55,63,71) (54,57,60) (22,23,24) (5,5,5) (20,20,20) (6,6,6) (30,31,32) (36,42,48) (78,86,94) (67,76,85) (93,98,103) (41,45,49) (76,86,96) 
(11,11,11) (83,94,105) (36,42,48) (94,95,96) (40,43,46) (44,51,58) (41,42,43) (39,39,39) (72,82,92) (1,1,1) (92,96,100) (35,36,37) (63,74,85) (63,74,85) (66,74,82) 
(12,12,12) (77,77,77) (12,13,14) (28,31,34) (8,9,10) (36,39,42) (54,57,60) (22,25,28) (49,55,61) (52,60,68) (87,87,87) (49,55,61) (85,85,85) (12,12,12) (77,78,79) 
(53,55,57) (4,4,4) (12,12,12) (40,42,44) (44,46,48) (83,89,95) (40,44,48) (31,33,35) (14,15,16) (70,73,76) (47,47,47) (66,72,78) (71,81,91) (68,79,90) (6,6,6) 
(74,77,80) (42,44,46) (53,62,71) (16,17,18) (67,70,73) (18,19,20) (60,69,78) (61,70,79) (27,30,33) (93,97,101) (79,82,85) (34,36,38) (17,19,21) (31,33,35) (46,50,54) 
(91,98,105) (36,42,48) (4,4,4) (24,26,28) (73,84,95) (29,34,39) (3,3,3) (57,59,61) (49,52,55) (68,70,72) (44,49,54) (38,42,46) (6,6,6) (6,7,8) (6,6,6) 
(2,2,2) (73,84,95) (1,1,1) (69,76,83) (10,10,10) (2,2,2) (65,75,85) (9,10,11) (85,97,109) (3,3,3) (18,18,18) (49,53,57) (29,31,33) (79,84,89) (17,17,17) 
(60,63,66) (6,6,6) (72,77,82) (79,85,91) (20,20,20) (25,28,31) (75,81,87) (73,76,79) (33,33,33) (65,76,87) (26,27,28) (75,87,99) (12,13,14) (34,37,40) (61,62,63) 
(17,20,23) (63,70,77) (87,89,91) (55,60,65) (59,64,69) (34,39,44) (58,67,76) (68,78,88) (7,7,7) (42,46,50) (23,25,27) (47,49,51) (23,27,31) (71,76,81) (85,98,111) 
(3,3,3) (21,22,23) (9,9,9) (61,66,71) (39,39,39) (51,51,51) (27,30,33) (88,92,96) (83,94,105) (8,8,8) (21,24,27) (27,27,27) (87,88,89) (9,9,9) (57,65,73) 
(79,79,79) (30,33,36) (62,62,62) (83,85,87) (17,17,17) (59,64,69) (64,66,68) (2,2,2) (67,71,75) (75,88,101) (59,64,69) (3,3,3) (40,44,48) (60,60,60) (6,6,6) 
(79,91,103) (23,24,25) (5,5,5) (31,31,31) (53,53,53) (52,53,54) (7,8,9) (13,15,17) (11,11,11) (51,53,55) (20,22,24) (74,83,92) (45,50,55) (79,81,83) (52,52,52) 
(78,87,96) (53,62,71) (79,84,89) (91,91,91) (48,53,58) (16,17,18) (63,72,81) (12,13,14) (79,92,105) (85,92,99) (15,16,17) (13,13,13) (13,13,13) (61,69,77) (38,44,50) 
(75,83,91) (59,62,65) (53,61,69) (25,26,27) (14,14,14) (63,69,75) (31,34,37) (59,61,63) (12,12,12) (2,2,2) (27,27,27) (46,51,56) (64,64,64) (14,14,14) (75,82,89) 
(47,54,61) (77,82,87) (66,68,70) (75,83,91) (70,71,72) (71,81,91) (6,6,6) (41,42,43) (20,22,24) (19,22,25) (83,94,105) (24,25,26) (49,53,57) (5,5,5) (64,70,76) 
(60,67,74) (72,72,72) (43,47,51) (30,35,40) (73,78,83) (34,34,34) (65,67,69) (86,86,86) (81,89,97) (63,69,75) (42,46,50) (55,57,59) (84,87,90) (20,22,24) (77,87,97) 
