NUMERO DE TRABAJOS
30
NUMERO DE RECURSOS
20
SECUENCIA DE MAQUINAS
3 17 14 10 5 12 18 8 15 4 1 7 9 6 16 0 13 2 11 19 
8 7 12 14 1 4 17 19 9 15 0 3 2 6 11 16 10 5 18 13 
18 14 1 11 0 6 12 4 15 5 13 17 9 16 8 2 19 3 7 10 
15 1 4 11 3 2 17 10 14 13 16 7 18 0 12 5 8 9 6 19 
5 10 15 13 16 19 18 2 4 7 8 17 11 9 14 6 3 0 12 1 
9 16 1 5 6 11 13 14 2 0 4 17 15 19 10 18 8 3 7 12 
2 6 7 14 4 12 15 16 13 5 1 10 0 17 9 18 3 19 8 11 
8 14 13 16 10 7 2 19 0 6 5 12 4 11 1 3 18 17 9 15 
3 0 14 4 15 6 8 5 17 9 13 16 1 2 12 10 18 19 7 11 
1 19 0 7 2 6 10 4 17 5 12 13 14 15 18 16 3 8 9 11 
9 0 1 13 3 16 14 2 5 12 7 8 19 4 18 10 11 6 15 17 
1 14 4 11 2 7 3 12 16 9 13 17 18 0 10 15 5 8 6 19 
0 9 10 4 2 3 7 12 11 17 14 15 13 6 8 19 18 1 16 5 
17 11 5 3 14 7 1 15 10 12 13 16 2 18 19 0 9 8 4 6 
3 19 4 10 2 1 11 15 0 5 14 17 8 13 12 6 7 9 18 16 
9 0 6 14 3 11 8 10 2 13 15 19 4 18 17 12 1 5 7 16 
17 12 18 6 14 16 13 2 9 19 7 3 8 11 0 4 1 5 15 10 
3 15 0 2 4 6 9 10 14 16 11 5 17 13 18 19 8 1 12 7 
0 6 17 4 1 2 18 12 11 16 10 15 3 13 8 14 19 7 9 5 
6 19 3 13 18 4 7 1 9 16 8 17 10 14 2 15 11 12 5 0 
8 18 7 14 0 11 4 9 13 5 3 12 17 16 2 15 19 6 10 1 
15 0 8 9 13 5 3 16 10 17 1 7 14 4 18 2 12 6 19 11 
14 17 19 5 16 6 4 10 15 18 12 13 8 2 7 9 1 0 11 3 
19 13 2 17 9 1 4 0 3 11 10 8 18 14 16 12 15 7 5 6 
6 14 15 7 4 16 11 0 1 10 17 19 13 18 3 12 8 5 2 9 
8 6 4 7 15 10 18 3 13 19 14 5 0 2 11 16 17 12 9 1 
4 0 5 8 9 18 14 15 10 12 13 7 11 3 16 2 6 1 19 17 
18 7 3 9 14 6 0 15 8 19 11 12 13 5 10 4 1 16 2 17 
3 15 11 9 16 5 12 19 13 0 17 2 8 1 6 14 18 4 7 10 
7 18 16 10 4 3 11 0 17 14 2 5 9 6 19 15 13 12 8 1 
DURACIONES
(80,86,92) (5,5,5) (21,21,21) (67,67,67) (78,87,96) (88,90,92) (21,21,21) (75,87,99) (77,82,87) (64,68,72) (22,25,28) (9,10,11) (55,58,61) (61,65,69) (20,20,20) (34,34,34) (11,12,13) (31,35,39) (60,63,66) (40,41,42) 
(88,91,94) (76,80,84) (34,38,42) (75,79,83) (59,66,73) (6,6,6) (19,21,23) (83,89,95) (50,50,50) (82,93,104) (49,52,55) (33,33,33) (82,82,82) (47,51,55) (84,90,96) (55,55,55) (85,99,113) (65,75,85) (21,22,23) (54,58,62) 
(54,59,64) (22,22,22) (10,10,10) (1,1,1) (73,75,77) (1,1,1) (30,35,40) (15,15,15) (38,39,40) (26,28,30) (27,29,31) (8,8,8) (58,65,72) (42,45,48) (5,5,5) (82,90,98) (17,18,19) (11,11,11) (35,39,43) (68,70,72) 
(20,20,20) (36,39,42) (2,2,2) (29,32,35) (41,44,47) (78,85,92) (27,30,33) (66,68,70) (66,67,68) (57,57,57) (14,14,14) (69,75,81) (63,71,79) (37,41,45) (36,36,36) (30,33,36) (70,72,74) (28,32,36) (87,92,97) (17,17,17) 
(80,82,84) (62,71,80) (53,55,57) (26,28,30) (71,73,75) (12,12,12) (18,18,18) (37,41,45) (67,78,89) (66,71,76) (26,26,26) (87,97,107) (23,23,23) (62,65,68) (52,54,56) (79,88,97) (87,94,101) (25,28,31) (22,22,22) (89,95,101) 
(5,5,5) (27,29,31) (64,73,82) (65,69,73) (49,51,53) (69,70,71) (23,24,25) (78,89,100) (19,21,23) (83,89,95) (73,83,93) (13,14,15) (60,61,62) (12,12,12) (91,97,103) (54,57,60) (56,61,66) (56,61,66) (17,19,21) (3,3,3) 
(37,43,49) (4,4,4) (29,32,35) (4,4,4) (83,96,109) (31,34,37) (20,21,22) (2,2,2) (33,33,33) (75,77,79) (59,62,65) (37,39,41) (81,89,97) (84,90,96) (86,90,94) (41,42,43) (16,16,16) (68,73,78) (67,75,83) (57,57,57) 
(73,78,83) (62,63,64) (26,26,26) (45,48,51) (9,9,9) (24,26,28) (52,55,58) (80,93,106) (15,15,15) (84,85,86) (39,39,39) (81,87,93) (66,66,66) (53,54,55) (66,68,70) (30,30,30) (7,7,7) (45,52,59) (2,2,2) (27,31,35) 
(53,55,57) (82,87,92) (9,10,11) (5,5,5) (43,48,53) (72,78,84) (78,87,96) (7,8,9) (61,70,79) (69,69,69) (52,57,62) (83,85,87) (52,58,64) (65,74,83) (86,92,98) (76,77,78) (50,54,58) (43,43,43) (25,28,31) (6,6,6) 
(40,42,44) (68,71,74) (68,68,68) (66,77,88) (19,19,19) (12,12,12) (51,59,67) (70,74,78) (65,71,77) (20,22,24) (7,7,7) (49,53,57) (87,99,111) (71,71,71) (78,88,98) (79,91,103) (21,22,23) (42,46,50) (72,80,88) (52,55,58) 
(67,77,87) (15,17,19) (74,79,84) (1,1,1) (64,72,80) (85,88,91) (36,42,48) (80,83,86) (81,84,87) (7,8,9) (39,40,41) (84,91,98) (63,66,69) (83,85,87) (38,43,48) (45,51,57) (86,94,102) (23,23,23) (75,84,93) (15,15,15) 
(6,6,6) (40,41,42) (5,5,5) (86,87,88) (41,46,51) (67,75,83) (49,49,49) (6,6,6) (1,1,1) (50,50,50) (85,88,91) (57,65,73) (9,10,11) (88,88,88) (41,46,51) (29,33,37) (41,47,53) (72,72,72) (47,48,49) (11,12,13) 
(54,56,58) (73,75,77) (47,53,59) (32,34,36) (71,73,75) (80,83,86) (68,72,76) (15,15,15) (24,28,32) (51,52,53) (47,49,51) (14,15,16) (76,81,86) (84,88,92) (10,11,12) (45,52,59) (45,48,51) (80,88,96) (16,18,20) (44,46,48) 
(67,68,69) (36,36,36) (34,34,34) (11,11,11) (54,63,72) (30,31,32) (28,30,32) (54,59,64) (77,85,93) (55,60,65) (71,78,85) (79,82,85) (6,6,6) (78,88,98) (39,43,47) (58,66,74) (92,93,94) (77,82,87) (34,39,44) (16,16,16) 
(55,58,61) (47,48,49) (84,97,110) (67,67,67) (3,3,3) (76,85,94) (34,36,38) (24,24,24) (2,2,2) (35,37,39) (70,72,74) (2,2,2) (23,25,27) (73,74,75) (41,46,51) (37,43,49) (61,62,63) (24,27,30) (72,77,82) (77,82,87) 
(5,5,5) (85,93,101) (79,79,79) (35,40,45) (4,4,4) (79,82,85) (68,73,78) (68,71,74) (56,61,66) (64,65,66) (63,74,85) (2,2,2) (54,57,60) (67,78,89) (11,12,13) (1,1,1) (77,83,89) (10,10,10) (82,85,88) (46,48,50) 
(72,75,78) (55,63,71) (16,16,16) (15,15,15) (42,42,42) (34,34,34) (24,27,30) (3,3,3) (79,83,87) (7,7,7) (11,12,13) (56,63,70) (84,94,104) (20,20,20) (31,35,39) (67,75,83) (45,52,59) (25,25,25) (93,98,103) (81,83,85) 
(38,39,40) (57,65,73) (21,21,21) (34,34,34) (63,66,69) (26,27,28) (76,81,86) (30,33,36) (26,29,32) (84,95,106) (1,1,1) (55,64,73) (81,82,83) (60,61,62) (68,74,80) (46,51,56) (46,48,50) (91,99,107) (23,23,23) (52,57,62) 
(81,88,95) (90,93,96) (11,11,11) (78,90,102) (24,27,30) (57,63,69) (20,20,20) (45,51,57) (33,36,39) (71,76,81) (26,26,26) (10,10,10) (66,71,76) (68,74,80) (31,35,39) (42,48,54) (12,12,12) (36,36,36) (24,24,24) (9,10,11) 
(90,93,96) (52,56,60) (25,28,31) (52,57,62) (20,21,22) (54,59,64) (43,48,53) (6,6,6) (16,16,16) (84,90,96) (6,6,6) (46,49,52) (28,32,36) (81,82,83) (3,3,3) (4,4,4) (29,31,33) (25,25,25) (8,8,8) (27,28,29) 
(64,68,72) (11,11,11) (92,99,106) (3,3,3) (77,78,79) (1,1,1) (37,39,41) (61,65,69) (19,19,19) (16,16,16) (11,11,11) (26,26,26) (10,10,10) (54,54,54) (2,2,2) (62,69,76) (87,91,95) (35,39,43) (1,1,1) (86,91,96) 
(10,10,10) (22,24,26) (54,55,56) (69,71,73) (90,99,108) (81,85,89) (58,58,58) (17,18,19) (10,11,12) (84,90,96) (7,7,7) (81,88,95) (74,75,76) (92,97,102) (73,75,77) (11,11,11) (8,8,8) (6,6,6) (40,45,50) (75,78,81) 
(68,68,68) (55,57,59) (14,15,16) (32,36,40) (27,27,27) (25,26,27) (60,66,72) (36,38,40) (94,97,100) (53,55,57) (63,73,83) (22,23,24) (59,68,77) (18,19,20) (78,89,100) (41,46,51) (33,34,35) (36,39,42) (20,23,26) (52,60,68) 
(26,28,30) (20,20,20) (43,44,45) (71,81,91) (58,62,66) (60,66,72) (42,44,46) (50,52,54) (38,40,42) (85,89,93) (83,92,101) (26,27,28) (6,6,6) (75,75,75) (6,6,6) (90,96,102) (49,50,51) (67,73,79) (53,60,67) (29,31,33) 
(81,90,99) (55,55,55) (36,41,46) (19,20,21) (44,51,58) (43,44,45) (65,67,69) (6,6,6) (76,82,88) (5,5,5) (10,10,10) (56,63,70) (75,80,85) (36,39,42) (20,22,24) (46,48,50) (22,24,26) (65,66,67) (41,46,51) (89,91,93) 
(41,41,41) (4,4,4) (31,34,37) (62,68,74) (51,58,65) (67,71,75) (54,57,60) (73,81,89) (57,62,67) (80,84,88) (56,57,58) (21,23,25) (30,31,32) (52,59,66) (18,18,18) (68,74,80) (53,60,67) (37,38,39) (62,70,78) (47,49,51) 
(48,53,58) (6,6,6) (73,79,85) (82,84,86) (3,3,3) (37,41,45) (27,28,29) (57,61,65) (38,43,48) (31,36,41) (60,68,76) (7,8,9) (34,35,36) (71,73,75) (75,81,87) (87,93,99) (1,1,1) (85,94,103) (87,96,105) (66,73,80) 
(80,92,104) (94,94,94) (52,54,56) (17,17,17) (11,11,11) (40,41,42) (53,55,57) (14,15,16) (87,87,87) (80,81,82) (61,62,63) (75,78,81) (25,28,31) (8,8,8) (76,77,78) (77,82,87) (1,1,1) (67,68,69) (79,84,89) (51,58,65) 
(74,82,90) (31,31,31) (11,12,13) (68,78,88) (80,83,86) (30,33,36) (39,39,39) (73,78,83) (33,33,33) (11,11,11) (83,91,99) (51,54,57) (23,26,29) (88,90,92) (66,71,76) (11,12,13) (26,28,30) (51,57,63) (91,99,107) (48,49,50) 
(33,37,41) (17,17,17) (3,3,3) (57,57,57) (71,71,71) (72,82,92) (9,9,9) (28,29,30) (17,17,17) (88,99,110) (89,96,103) (94,97,100) (10,10,10) (25,26,27) (34,36,38) (31,32,33) (14,14,14) (31,35,39) (32,34,36) (8,8,8) 
TIEMPOS MAXIMOS DE FIN
(10000,10000) (10000,10000) (10000,10000) (10000,10000) (10000,10000) (10000,10000) (10000,10000) (10000,10000) (10000,10000) (10000,10000) (10000,10000) (10000,10000) (10000,10000) (10000,10000) (10000,10000) (10000,10000) (10000,10000) (10000,10000) (10000,10000) (10000,10000) (10000,10000) (10000,10000) (10000,10000) (10000,10000) (10000,10000) (10000,10000) (10000,10000) (10000,10000) (10000,10000) (10000,10000) 
// Desviacion: min(0), max(0.148649), promedio(0.0543023)
