NUMERO DE TRABAJOS
30
NUMERO DE RECURSOS
20
SECUENCIA DE MAQUINAS
5 0 6 16 2 15 19 10 12 13 4 3 9 17 18 1 7 8 14 11 
17 11 16 13 1 7 4 14 10 8 2 19 3 12 6 5 0 15 9 18 
15 9 18 19 1 16 17 8 0 14 13 2 7 3 12 11 5 6 10 4 
13 1 19 2 10 6 8 3 0 16 9 5 14 17 15 11 12 4 18 7 
13 3 2 19 1 0 15 6 18 14 5 16 17 9 11 10 12 7 4 8 
6 17 14 19 7 12 3 18 5 11 8 0 1 15 16 10 13 4 2 9 
0 10 15 11 17 14 5 6 8 3 9 16 12 2 1 19 18 13 7 4 
9 10 8 13 16 18 15 3 6 5 1 11 14 0 7 17 2 12 4 19 
4 6 19 5 2 9 16 18 7 8 12 1 15 13 17 10 0 14 3 11 
17 1 12 5 2 3 8 7 6 9 19 15 14 10 4 18 11 16 13 0 
17 15 11 0 7 6 5 9 4 12 10 2 14 16 19 3 13 8 1 18 
13 14 2 5 0 11 16 17 15 9 18 6 19 7 12 3 4 1 10 8 
3 5 13 0 14 12 11 16 2 19 8 9 15 4 7 17 6 18 10 1 
15 5 18 17 6 16 13 12 3 2 9 0 1 14 8 10 11 19 4 7 
10 6 19 15 4 17 8 1 12 18 0 9 3 5 13 11 2 16 7 14 
3 9 16 6 7 11 14 8 18 12 5 17 19 10 2 1 0 15 13 4 
13 18 5 6 8 0 4 10 7 12 1 15 3 16 19 2 11 17 9 14 
5 15 1 2 19 18 12 13 16 17 14 9 0 11 10 3 8 4 6 7 
8 14 6 3 11 4 12 15 1 0 17 7 5 10 19 2 18 13 16 9 
10 0 14 2 16 19 17 6 3 8 12 11 7 13 15 9 1 5 4 18 
17 14 1 4 7 16 0 18 19 13 15 8 2 11 10 6 3 12 9 5 
14 16 17 5 4 8 10 12 3 19 2 9 18 13 15 0 7 1 6 11 
1 14 2 8 13 6 12 3 5 18 17 11 10 0 7 19 15 4 16 9 
7 11 3 9 8 4 18 5 14 0 10 13 1 2 15 17 19 6 12 16 
19 6 9 16 17 8 14 11 7 10 18 2 3 0 1 12 4 5 15 13 
2 16 17 6 3 4 11 5 18 14 15 19 0 9 7 12 13 10 1 8 
13 11 16 14 6 15 1 17 0 12 5 3 2 4 7 8 10 9 18 19 
10 2 6 0 19 14 7 12 18 16 5 9 15 3 11 13 1 17 4 8 
15 19 11 17 18 13 4 6 8 12 3 14 1 10 16 2 5 0 7 9 
0 18 19 6 11 4 5 13 2 12 17 3 1 16 8 10 9 7 14 15 
DURACIONES
(45,51,57) (83,93,103) (47,49,51) (1,1,1) (51,52,53) (25,26,27) (70,74,78) (56,59,62) (38,44,50) (8,8,8) (79,81,83) (90,95,100) (64,68,72) (53,57,61) (49,57,65) (36,40,44) (16,17,18) (83,92,101) (85,88,91) (6,6,6) 
(67,75,83) (20,22,24) (11,11,11) (46,49,52) (31,31,31) (30,32,34) (5,5,5) (50,51,52) (13,14,15) (38,43,48) (43,43,43) (24,24,24) (80,83,86) (62,67,72) (2,2,2) (40,45,50) (72,75,78) (32,35,38) (49,50,51) (95,95,95) 
(76,80,84) (13,13,13) (35,36,37) (48,51,54) (58,63,68) (54,58,62) (30,30,30) (68,75,82) (71,72,73) (85,92,99) (13,13,13) (13,13,13) (84,92,100) (11,12,13) (68,76,84) (28,29,30) (57,64,71) (56,58,60) (25,26,27) (21,21,21) 
(81,91,101) (93,95,97) (45,51,57) (65,75,85) (79,89,99) (56,56,56) (64,74,84) (53,60,67) (80,86,92) (64,70,76) (97,97,97) (11,11,11) (55,61,67) (59,68,77) (41,43,45) (5,5,5) (17,17,17) (18,18,18) (14,14,14) (91,93,95) 
(35,40,45) (8,9,10) (74,80,86) (75,82,89) (64,67,70) (29,33,37) (79,84,89) (36,39,42) (47,48,49) (79,89,99) (90,95,100) (53,60,67) (4,4,4) (93,99,105) (88,92,96) (46,52,58) (72,79,86) (9,9,9) (87,89,91) (51,54,57) 
(48,55,62) (63,70,77) (84,95,106) (57,60,63) (9,9,9) (78,82,86) (52,52,52) (29,30,31) (6,6,6) (24,27,30) (56,57,58) (89,89,89) (59,63,67) (26,29,32) (48,55,62) (35,37,39) (62,66,70) (15,16,17) (76,87,98) (59,63,67) 
(42,44,46) (43,47,51) (89,90,91) (32,35,38) (75,79,83) (51,57,63) (56,58,60) (86,98,110) (62,62,62) (7,8,9) (27,31,35) (87,94,101) (45,49,53) (88,90,92) (10,11,12) (55,63,71) (22,22,22) (39,44,49) (90,96,102) (80,86,92) 
(63,63,63) (69,80,91) (69,72,75) (79,83,87) (25,25,25) (54,55,56) (62,68,74) (37,42,47) (60,70,80) (63,64,65) (23,24,25) (7,7,7) (45,45,45) (12,12,12) (17,17,17) (8,8,8) (40,41,42) (86,88,90) (7,7,7) (78,83,88) 
(68,68,68) (95,99,103) (36,37,38) (29,33,37) (71,72,73) (89,98,107) (90,92,94) (25,28,31) (13,14,15) (14,16,18) (90,99,108) (9,9,9) (84,93,102) (25,25,25) (8,8,8) (59,64,69) (4,4,4) (68,74,80) (34,35,36) (35,37,39) 
(78,79,80) (31,34,37) (33,36,39) (72,83,94) (44,48,52) (23,23,23) (2,2,2) (5,5,5) (15,16,17) (73,76,79) (9,10,11) (94,95,96) (11,12,13) (85,94,103) (44,46,48) (51,53,55) (32,35,38) (72,73,74) (75,78,81) (50,55,60) 
(27,31,35) (73,75,77) (10,11,12) (84,92,100) (46,46,46) (84,84,84) (37,39,41) (16,17,18) (78,83,88) (87,87,87) (76,86,96) (80,93,106) (64,68,72) (66,67,68) (81,83,85) (4,4,4) (88,96,104) (3,3,3) (7,7,7) (51,51,51) 
(4,4,4) (47,50,53) (20,20,20) (64,74,84) (35,37,39) (83,95,107) (65,65,65) (83,83,83) (88,98,108) (25,25,25) (62,64,66) (88,90,92) (50,51,52) (55,61,67) (94,97,100) (68,70,72) (13,14,15) (12,13,14) (94,99,104) (75,83,91) 
(37,41,45) (74,81,88) (80,93,106) (75,78,81) (47,53,59) (60,66,72) (37,40,43) (8,8,8) (54,63,72) (62,66,70) (2,2,2) (36,36,36) (22,24,26) (56,61,66) (69,75,81) (23,27,31) (65,71,77) (20,23,26) (16,18,20) (53,60,67) 
(87,87,87) (26,29,32) (36,36,36) (2,2,2) (18,18,18) (2,2,2) (11,11,11) (41,47,53) (89,94,99) (86,92,98) (51,58,65) (85,93,101) (46,47,48) (84,90,96) (25,28,31) (48,54,60) (26,28,30) (80,84,88) (64,68,72) (4,4,4) 
(23,23,23) (73,74,75) (83,95,107) (64,64,64) (20,21,22) (45,46,47) (75,86,97) (8,8,8) (51,58,65) (58,64,70) (91,99,107) (28,29,30) (41,47,53) (62,64,66) (6,6,6) (25,25,25) (57,63,69) (52,59,66) (83,96,109) (17,19,21) 
(64,75,86) (72,75,78) (70,76,82) (81,83,85) (21,22,23) (98,98,98) (76,85,94) (70,75,80) (11,11,11) (57,64,71) (19,21,23) (90,94,98) (46,46,46) (62,63,64) (74,78,82) (33,35,37) (9,9,9) (16,16,16) (38,39,40) (27,28,29) 
(50,57,64) (66,66,66) (43,46,49) (76,84,92) (15,16,17) (19,19,19) (1,1,1) (29,29,29) (57,65,73) (42,42,42) (87,87,87) (37,38,39) (80,88,96) (76,83,90) (76,86,96) (21,21,21) (34,38,42) (56,61,66) (29,29,29) (74,74,74) 
(59,66,73) (70,74,78) (40,43,46) (49,55,61) (80,86,92) (61,69,77) (11,11,11) (11,12,13) (59,61,63) (48,56,64) (52,56,60) (69,77,85) (79,80,81) (15,16,17) (12,13,14) (12,14,16) (12,14,16) (88,96,104) (81,88,95) (18,20,22) 
(45,52,59) (1,1,1) (82,82,82) (51,57,63) (16,18,20) (82,94,106) (41,44,47) (78,81,84) (22,25,28) (68,75,82) (26,29,32) (71,74,77) (9,10,11) (23,24,25) (61,63,65) (40,42,44) (59,62,65) (85,98,111) (61,67,73) (72,72,72) 
(75,81,87) (89,95,101) (40,46,52) (6,6,6) (5,5,5) (18,18,18) (69,79,89) (39,43,47) (24,28,32) (25,27,29) (79,84,89) (74,83,92) (94,99,104) (59,60,61) (80,86,92) (20,21,22) (13,13,13) (26,28,30) (89,91,93) (19,20,21) 
(61,63,65) (53,56,59) (22,24,26) (38,43,48) (30,30,30) (21,22,23) (30,31,32) (59,64,69) (51,56,61) (56,62,68) (25,25,25) (74,85,96) (12,13,14) (73,76,79) (59,63,67) (50,51,52) (79,87,95) (20,21,22) (61,65,69) (1,1,1) 
(53,54,55) (1,1,1) (64,71,78) (74,76,78) (21,23,25) (78,90,102) (19,19,19) (91,97,103) (82,84,86) (27,27,27) (69,70,71) (36,38,40) (54,62,70) (94,94,94) (43,47,51) (20,22,24) (48,52,56) (19,21,23) (11,11,11) (89,97,105) 
(87,91,95) (65,67,69) (11,12,13) (71,75,79) (38,42,46) (33,38,43) (62,63,64) (85,92,99) (38,41,44) (14,14,14) (25,28,31) (79,84,89) (39,39,39) (47,49,51) (20,23,26) (50,58,66) (8,9,10) (17,19,21) (16,17,18) (43,46,49) 
(80,89,98) (39,44,49) (56,61,66) (63,63,63) (84,95,106) (64,70,76) (42,49,56) (86,99,112) (40,44,48) (67,68,69) (80,86,92) (74,86,98) (10,11,12) (12,13,14) (16,17,18) (82,85,88) (57,62,67) (69,80,91) (33,37,41) (2,2,2) 
(37,39,41) (39,42,45) (17,19,21) (75,81,87) (43,46,49) (80,87,94) (7,7,7) (56,58,60) (27,27,27) (85,97,109) (49,53,57) (18,21,24) (60,69,78) (96,97,98) (61,64,67) (44,47,50) (10,11,12) (43,43,43) (63,67,71) (11,11,11) 
(4,4,4) (12,13,14) (41,44,47) (24,27,30) (23,23,23) (23,25,27) (41,44,47) (35,39,43) (37,38,39) (29,31,33) (33,38,43) (86,95,104) (13,13,13) (18,19,20) (29,29,29) (33,37,41) (40,44,48) (66,77,88) (23,24,25) (39,39,39) 
(54,56,58) (79,91,103) (36,37,38) (32,36,40) (82,86,90) (2,2,2) (38,39,40) (17,19,21) (88,90,92) (39,43,47) (72,72,72) (86,87,88) (35,37,39) (37,39,41) (84,90,96) (29,33,37) (70,73,76) (76,88,100) (33,34,35) (60,66,72) 
(49,56,63) (29,32,35) (42,48,54) (6,6,6) (9,9,9) (51,57,63) (21,21,21) (50,56,62) (36,37,38) (73,75,77) (36,40,44) (82,93,104) (86,97,108) (5,5,5) (67,67,67) (23,24,25) (20,20,20) (14,15,16) (16,16,16) (21,21,21) 
(28,31,34) (28,30,32) (81,88,95) (45,45,45) (37,37,37) (34,38,42) (3,3,3) (96,97,98) (38,40,42) (29,29,29) (22,24,26) (29,30,31) (28,29,30) (39,45,51) (47,51,55) (58,58,58) (77,82,87) (48,51,54) (82,85,88) (33,37,41) 
(37,38,39) (72,77,82) (8,8,8) (46,48,50) (44,46,48) (81,89,97) (84,96,108) (47,50,53) (20,21,22) (38,38,38) (51,57,63) (23,26,29) (84,97,110) (65,70,75) (21,23,25) (17,18,19) (29,33,37) (30,34,38) (32,35,38) (67,69,71) 
TIEMPOS MAXIMOS DE FIN
(10000,10000) (10000,10000) (10000,10000) (10000,10000) (10000,10000) (10000,10000) (10000,10000) (10000,10000) (10000,10000) (10000,10000) (10000,10000) (10000,10000) (10000,10000) (10000,10000) (10000,10000) (10000,10000) (10000,10000) (10000,10000) (10000,10000) (10000,10000) (10000,10000) (10000,10000) (10000,10000) (10000,10000) (10000,10000) (10000,10000) (10000,10000) (10000,10000) (10000,10000) (10000,10000) 
// Desviacion: min(0), max(0.148148), promedio(0.0598885)
