NUMERO DE TRABAJOS
30
NUMERO DE RECURSOS
20
SECUENCIA DE MAQUINAS
11 18 19 9 1 10 3 13 7 5 15 0 4 6 8 17 16 2 14 12 
8 15 18 16 6 0 2 11 13 7 10 19 9 12 3 17 14 4 5 1 
17 18 2 4 14 7 10 12 13 0 19 15 5 16 1 11 9 6 8 3 
2 17 4 10 9 6 12 8 5 18 3 7 16 11 19 14 15 13 1 0 
4 11 18 9 2 12 16 5 7 6 8 15 3 13 14 10 0 1 19 17 
4 6 16 18 14 2 7 9 1 15 10 12 5 8 19 13 17 3 0 11 
19 14 11 3 6 9 15 4 2 12 17 10 13 8 0 16 7 1 5 18 
6 9 17 12 16 5 0 8 1 3 14 13 7 2 4 15 18 11 10 19 
10 16 17 5 15 18 14 2 0 1 4 13 7 12 9 6 8 3 19 11 
6 11 15 17 14 9 7 10 16 19 8 1 4 13 5 0 3 12 18 2 
10 11 7 14 5 2 19 15 1 12 8 0 16 13 9 4 17 3 18 6 
19 9 0 3 14 7 13 6 11 8 15 10 4 12 1 2 18 17 5 16 
6 16 10 13 9 18 14 4 1 8 17 5 2 12 3 19 0 7 15 11 
4 11 5 0 15 12 13 19 14 3 16 10 9 1 18 6 17 8 7 2 
1 12 3 15 11 2 5 8 16 9 17 7 4 13 6 14 0 10 19 18 
19 12 7 14 13 10 2 11 3 0 16 17 9 1 18 15 8 5 6 4 
16 19 12 9 3 5 6 17 13 4 8 7 1 10 14 0 11 15 2 18 
7 6 0 19 9 3 16 8 11 4 12 2 13 17 18 15 1 14 5 10 
12 9 19 14 7 8 0 13 16 11 6 3 1 2 4 5 10 15 18 17 
1 4 18 11 0 16 12 8 13 7 2 19 3 5 9 15 17 14 10 6 
10 16 3 5 4 7 11 19 15 14 9 8 6 18 12 0 1 2 13 17 
5 4 7 8 0 11 1 3 17 14 16 19 15 13 10 6 12 2 9 18 
13 14 16 5 0 7 18 12 1 3 19 17 11 4 2 9 15 8 6 10 
14 16 19 15 7 11 4 9 10 3 18 6 13 17 2 0 5 12 1 8 
8 13 6 5 1 19 14 17 9 0 12 11 3 4 7 10 15 18 16 2 
0 19 12 16 10 5 14 8 7 9 18 1 11 6 17 15 13 2 4 3 
12 14 11 6 0 9 3 13 4 1 18 15 8 5 2 7 10 16 17 19 
18 13 7 15 1 11 0 14 2 3 8 10 6 4 12 17 5 19 16 9 
11 5 7 10 8 1 2 6 14 12 17 13 0 4 16 9 3 19 15 18 
0 1 19 10 16 14 5 6 12 3 7 4 18 17 9 15 2 13 11 8 
DURACIONES
(37,38,39) (63,65,67) (79,92,105) (13,13,13) (53,61,69) (53,56,59) (92,95,98) (66,77,88) (40,40,40) (22,23,24) (82,87,92) (90,96,102) (90,95,100) (49,51,53) (98,98,98) (39,44,49) (10,10,10) (55,57,59) (43,44,45) (26,28,30) 
(73,81,89) (36,37,38) (13,13,13) (45,48,51) (7,7,7) (77,87,97) (11,12,13) (23,23,23) (76,83,90) (69,69,69) (26,26,26) (60,61,62) (16,16,16) (57,60,63) (73,79,85) (45,52,59) (83,84,85) (86,93,100) (66,73,80) (83,92,101) 
(66,70,74) (1,1,1) (67,72,77) (34,36,38) (65,66,67) (63,65,67) (56,62,68) (88,98,108) (21,22,23) (65,65,65) (25,26,27) (82,89,96) (11,12,13) (47,52,57) (73,73,73) (52,52,52) (26,28,30) (56,60,64) (10,11,12) (25,26,27) 
(4,4,4) (26,27,28) (62,65,68) (39,39,39) (88,93,98) (11,12,13) (92,92,92) (85,86,87) (8,9,10) (85,87,89) (58,65,72) (71,79,87) (91,92,93) (40,41,42) (96,97,98) (43,45,47) (77,84,91) (88,89,90) (59,64,69) (33,37,41) 
(58,60,62) (79,89,99) (15,16,17) (22,24,26) (46,49,52) (82,93,104) (69,80,91) (34,35,36) (60,61,62) (40,46,52) (36,36,36) (64,68,72) (20,23,26) (12,13,14) (47,51,55) (25,25,25) (71,76,81) (46,46,46) (98,98,98) (51,58,65) 
(35,35,35) (17,18,19) (62,72,82) (83,86,89) (99,99,99) (46,52,58) (46,48,50) (84,98,112) (56,58,60) (7,7,7) (25,26,27) (15,15,15) (3,3,3) (36,37,38) (89,92,95) (9,9,9) (56,63,70) (19,20,21) (89,91,93) (80,86,92) 
(49,56,63) (10,10,10) (54,62,70) (8,8,8) (49,50,51) (17,19,21) (47,53,59) (67,69,71) (64,67,70) (8,8,8) (10,10,10) (20,22,24) (39,40,41) (76,85,94) (38,44,50) (21,22,23) (1,1,1) (85,90,95) (46,47,48) (56,59,62) 
(81,82,83) (72,83,94) (75,75,75) (83,89,95) (71,72,73) (37,39,41) (41,47,53) (37,39,41) (14,15,16) (1,1,1) (58,64,70) (59,66,73) (16,17,18) (61,68,75) (40,43,46) (54,63,72) (87,96,105) (34,37,40) (64,64,64) (34,35,36) 
(53,58,63) (45,48,51) (17,19,21) (15,17,19) (31,33,35) (28,29,30) (43,46,49) (80,81,82) (10,11,12) (82,88,94) (56,58,60) (61,70,79) (89,99,109) (84,96,108) (89,90,91) (44,46,48) (68,69,70) (86,92,98) (4,4,4) (44,45,46) 
(72,74,76) (76,78,80) (79,79,79) (42,44,46) (2,2,2) (62,63,64) (64,68,72) (51,57,63) (31,33,35) (88,90,92) (68,69,70) (87,91,95) (34,35,36) (70,80,90) (23,26,29) (38,44,50) (87,91,95) (25,27,29) (2,2,2) (53,61,69) 
(52,59,66) (40,46,52) (78,81,84) (41,42,43) (50,53,56) (41,44,47) (20,21,22) (43,45,47) (84,91,98) (4,4,4) (74,76,78) (16,18,20) (67,72,77) (77,78,79) (19,20,21) (43,44,45) (52,52,52) (37,37,37) (63,68,73) (29,33,37) 
(2,2,2) (63,63,63) (71,82,93) (34,37,40) (3,3,3) (48,53,58) (84,89,94) (29,31,33) (58,63,68) (6,6,6) (87,98,109) (2,2,2) (22,23,24) (33,38,43) (81,87,93) (82,91,100) (52,60,68) (48,55,62) (82,93,104) (34,38,42) 
(71,74,77) (77,85,93) (55,55,55) (50,52,54) (84,87,90) (25,25,25) (80,85,90) (32,33,34) (39,42,45) (63,65,67) (51,59,67) (90,91,92) (85,91,97) (16,16,16) (30,30,30) (62,62,62) (61,70,79) (14,14,14) (31,35,39) (17,19,21) 
(15,16,17) (22,23,24) (63,70,77) (41,41,41) (11,12,13) (98,99,100) (25,26,27) (38,43,48) (14,14,14) (79,91,103) (44,50,56) (71,78,85) (1,1,1) (2,2,2) (4,4,4) (73,80,87) (13,14,15) (58,63,68) (53,55,57) (13,14,15) 
(74,86,98) (30,32,34) (51,56,61) (80,81,82) (50,52,54) (14,14,14) (7,7,7) (74,74,74) (31,33,35) (68,69,70) (23,23,23) (62,68,74) (40,45,50) (19,19,19) (36,38,40) (35,35,35) (19,21,23) (40,42,44) (80,86,92) (89,98,107) 
(30,33,36) (47,51,55) (94,96,98) (5,5,5) (48,56,64) (83,90,97) (44,50,56) (41,41,41) (31,34,37) (83,93,103) (57,61,65) (64,67,70) (56,60,64) (28,31,34) (5,5,5) (37,41,45) (75,85,95) (53,58,63) (54,57,60) (10,10,10) 
(23,25,27) (86,92,98) (16,17,18) (90,94,98) (65,67,69) (57,60,63) (63,71,79) (24,28,32) (69,70,71) (87,97,107) (52,56,60) (25,29,33) (52,56,60) (39,41,43) (52,57,62) (70,70,70) (23,26,29) (46,50,54) (2,2,2) (42,44,46) 
(25,27,29) (44,48,52) (81,85,89) (16,17,18) (1,1,1) (74,86,98) (81,88,95) (38,43,48) (56,58,60) (75,82,89) (44,51,58) (57,59,61) (37,38,39) (86,99,112) (7,7,7) (45,49,53) (79,88,97) (56,56,56) (76,80,84) (1,1,1) 
(53,61,69) (44,48,52) (89,90,91) (56,59,62) (71,80,89) (40,44,48) (26,26,26) (42,44,46) (75,86,97) (28,31,34) (70,72,74) (26,29,32) (67,68,69) (28,29,30) (44,49,54) (23,23,23) (56,59,62) (58,61,64) (64,70,76) (44,49,54) 
(34,37,40) (41,45,49) (22,24,26) (78,88,98) (16,18,20) (30,33,36) (41,42,43) (4,4,4) (7,7,7) (59,69,79) (63,68,73) (36,39,42) (78,87,96) (60,61,62) (37,42,47) (15,16,17) (37,43,49) (75,83,91) (6,6,6) (33,36,39) 
(89,91,93) (33,35,37) (9,9,9) (86,98,110) (47,49,51) (86,96,106) (62,68,74) (80,81,82) (10,10,10) (51,58,65) (20,21,22) (83,90,97) (24,26,28) (34,36,38) (86,91,96) (45,52,59) (9,9,9) (49,49,49) (14,15,16) (77,80,83) 
(11,11,11) (71,78,85) (56,59,62) (46,47,48) (11,11,11) (23,24,25) (51,55,59) (81,87,93) (26,28,30) (2,2,2) (21,23,25) (37,38,39) (63,71,79) (67,69,71) (95,97,99) (73,74,75) (42,43,44) (54,57,60) (44,44,44) (22,23,24) 
(13,13,13) (49,54,59) (18,19,20) (3,3,3) (4,4,4) (13,13,13) (72,77,82) (72,74,76) (2,2,2) (57,66,75) (76,81,86) (59,60,61) (38,38,38) (80,90,100) (58,67,76) (34,34,34) (24,27,30) (52,57,62) (71,72,73) (7,7,7) 
(28,29,30) (62,69,76) (13,13,13) (90,96,102) (84,90,96) (22,24,26) (78,90,102) (3,3,3) (53,57,61) (74,83,92) (68,78,88) (4,4,4) (24,24,24) (62,65,68) (40,44,48) (20,21,22) (53,56,59) (69,73,77) (92,93,94) (93,97,101) 
(48,53,58) (12,13,14) (17,18,19) (29,33,37) (76,79,82) (42,45,48) (17,17,17) (42,47,52) (43,45,47) (78,79,80) (7,7,7) (79,89,99) (49,51,53) (30,32,34) (26,26,26) (30,32,34) (42,43,44) (61,62,63) (30,31,32) (13,14,15) 
(63,63,63) (56,56,56) (66,68,70) (48,49,50) (37,40,43) (45,51,57) (3,3,3) (81,87,93) (59,63,67) (48,52,56) (88,95,102) (49,56,63) (87,97,107) (28,30,32) (85,99,113) (34,39,44) (6,6,6) (65,76,87) (33,34,35) (70,73,76) 
(61,68,75) (29,31,33) (58,59,60) (6,6,6) (27,30,33) (51,58,65) (63,73,83) (61,62,63) (70,71,72) (87,96,105) (23,23,23) (61,71,81) (18,20,22) (10,11,12) (49,50,51) (92,92,92) (56,62,68) (64,67,70) (10,10,10) (60,65,70) 
(94,98,102) (79,83,87) (89,89,89) (60,64,68) (4,4,4) (25,27,29) (77,79,81) (23,25,27) (76,78,80) (34,36,38) (52,52,52) (35,41,47) (19,21,23) (57,62,67) (78,78,78) (87,92,97) (85,92,99) (88,88,88) (74,80,86) (63,64,65) 
(77,88,99) (77,78,79) (9,10,11) (14,14,14) (8,8,8) (17,18,19) (9,10,11) (37,37,37) (49,49,49) (26,27,28) (86,94,102) (91,95,99) (37,37,37) (21,23,25) (14,15,16) (80,87,94) (51,54,57) (1,1,1) (66,74,82) (38,40,42) 
(20,21,22) (3,3,3) (30,32,34) (47,51,55) (9,9,9) (67,76,85) (21,23,25) (67,73,79) (46,53,60) (75,81,87) (74,74,74) (88,92,96) (66,69,72) (54,56,58) (80,93,106) (51,52,53) (81,83,85) (1,1,1) (17,17,17) (44,46,48) 
TIEMPOS MAXIMOS DE FIN
(10000,10000) (10000,10000) (10000,10000) (10000,10000) (10000,10000) (10000,10000) (10000,10000) (10000,10000) (10000,10000) (10000,10000) (10000,10000) (10000,10000) (10000,10000) (10000,10000) (10000,10000) (10000,10000) (10000,10000) (10000,10000) (10000,10000) (10000,10000) (10000,10000) (10000,10000) (10000,10000) (10000,10000) (10000,10000) (10000,10000) (10000,10000) (10000,10000) (10000,10000) (10000,10000) 
// Desviacion: min(0), max(0.146341), promedio(0.0566866)
