NUMERO DE TRABAJOS
30
NUMERO DE RECURSOS
20
SECUENCIA DE MAQUINAS
2 8 6 0 4 15 16 13 5 12 10 7 14 19 1 3 18 17 9 11 
0 10 13 3 2 7 1 16 9 17 18 15 11 8 19 5 4 12 14 6 
0 19 11 9 15 3 13 18 1 5 7 6 10 4 14 8 12 2 16 17 
7 19 10 11 9 14 6 12 16 13 5 15 4 3 17 8 1 18 2 0 
0 6 11 1 3 16 19 12 10 7 5 2 15 4 18 14 9 8 13 17 
17 8 19 16 0 12 13 14 3 2 1 10 7 9 15 4 6 11 18 5 
18 1 9 11 17 0 2 6 16 10 4 14 19 12 15 7 3 5 8 13 
14 9 11 8 2 16 4 1 19 6 0 7 15 18 12 17 13 3 5 10 
3 14 9 0 11 10 4 12 5 16 2 1 13 7 17 19 6 18 8 15 
13 7 9 0 3 8 11 4 5 14 15 6 2 17 1 10 19 18 16 12 
4 17 2 8 11 19 18 13 12 3 1 10 5 15 14 9 16 6 7 0 
6 0 12 18 1 14 19 16 10 8 17 11 2 13 7 4 5 15 3 9 
2 7 13 0 19 4 9 11 16 3 5 6 14 18 12 15 10 1 17 8 
14 3 6 7 8 12 15 5 16 4 0 17 1 18 2 19 10 11 9 13 
18 11 2 3 5 4 15 13 19 6 1 14 0 12 8 9 16 7 10 17 
10 13 16 8 17 11 7 5 14 15 6 3 0 19 18 2 4 12 1 9 
2 10 19 7 18 4 6 5 0 11 13 1 9 12 8 16 14 3 15 17 
1 13 11 2 3 18 17 9 16 6 12 15 0 4 7 14 8 5 10 19 
18 10 12 16 1 11 8 19 9 17 5 2 13 14 7 6 15 0 3 4 
7 8 14 11 10 13 6 16 19 2 18 3 5 4 1 12 15 0 9 17 
11 6 17 8 4 12 1 0 19 9 16 18 2 3 10 15 14 7 5 13 
16 19 4 5 3 18 15 8 13 0 10 14 11 1 12 2 9 6 17 7 
3 4 2 9 7 16 0 5 13 11 8 14 18 10 17 6 12 15 1 19 
7 2 14 5 6 9 10 15 3 16 18 12 11 17 0 8 4 13 19 1 
17 11 18 7 12 4 10 3 8 13 2 9 15 19 6 1 16 14 5 0 
1 4 10 7 0 9 14 5 2 18 6 3 19 16 11 12 15 17 13 8 
10 14 12 6 18 2 13 8 9 19 11 15 17 7 0 5 16 3 1 4 
14 13 1 5 17 2 4 18 3 12 19 0 10 9 11 8 7 15 16 6 
5 11 16 12 15 10 0 2 14 4 8 1 18 9 17 7 19 6 3 13 
19 14 4 8 0 1 15 9 3 12 6 13 17 7 11 16 5 2 18 10 
DURACIONES
(85,96,107) (26,26,26) (32,33,34) (19,19,19) (38,43,48) (17,17,17) (26,26,26) (57,66,75) (78,84,90) (54,56,58) (76,83,90) (58,66,74) (70,74,78) (24,24,24) (82,85,88) (41,47,53) (85,88,91) (93,97,101) (37,41,45) (73,77,81) 
(68,70,72) (41,46,51) (85,90,95) (53,61,69) (23,24,25) (63,63,63) (95,95,95) (32,34,36) (42,47,52) (48,50,52) (62,62,62) (10,10,10) (66,66,66) (51,52,53) (45,49,53) (4,4,4) (81,94,107) (34,38,42) (82,93,104) (84,84,84) 
(43,48,53) (52,60,68) (14,15,16) (25,25,25) (19,21,23) (97,99,101) (50,56,62) (29,32,35) (29,31,33) (32,36,40) (74,74,74) (66,72,78) (80,91,102) (26,29,32) (31,34,37) (50,50,50) (21,21,21) (33,36,39) (1,1,1) (29,30,31) 
(48,50,52) (82,84,86) (69,74,79) (33,35,37) (78,86,94) (40,42,44) (30,31,32) (59,62,65) (81,82,83) (65,66,67) (36,39,42) (42,48,54) (98,98,98) (95,99,103) (44,48,52) (77,77,77) (29,31,33) (48,51,54) (40,44,48) (36,41,46) 
(77,90,103) (24,27,30) (29,30,31) (58,68,78) (23,25,27) (81,94,107) (61,66,71) (43,48,53) (41,47,53) (16,16,16) (83,90,97) (22,23,24) (5,5,5) (3,3,3) (10,10,10) (37,37,37) (69,74,79) (26,28,30) (24,25,26) (84,86,88) 
(32,32,32) (73,76,79) (26,29,32) (53,60,67) (60,60,60) (19,21,23) (2,2,2) (58,65,72) (20,22,24) (34,36,38) (76,80,84) (55,61,67) (52,55,58) (75,84,93) (87,99,111) (24,25,26) (62,68,74) (76,80,84) (62,67,72) (44,50,56) 
(81,90,99) (9,9,9) (25,28,31) (38,38,38) (35,36,37) (19,19,19) (4,4,4) (44,46,48) (74,84,94) (67,71,75) (53,60,67) (23,23,23) (55,63,71) (73,77,81) (66,72,78) (2,2,2) (55,63,71) (24,24,24) (52,60,68) (92,99,106) 
(84,96,108) (75,78,81) (74,79,84) (87,90,93) (55,63,71) (76,80,84) (9,10,11) (2,2,2) (59,67,75) (83,96,109) (66,69,72) (13,13,13) (40,42,44) (49,54,59) (73,76,79) (31,32,33) (66,75,84) (49,52,55) (92,98,104) (15,16,17) 
(29,31,33) (73,80,87) (75,77,79) (51,56,61) (85,85,85) (92,95,98) (59,59,59) (41,46,51) (4,4,4) (77,85,93) (37,42,47) (13,14,15) (4,4,4) (38,40,42) (39,40,41) (44,48,52) (88,90,92) (73,82,91) (4,4,4) (84,87,90) 
(3,3,3) (46,53,60) (33,33,33) (82,93,104) (60,62,64) (16,17,18) (59,65,71) (21,23,25) (10,10,10) (39,44,49) (44,49,54) (2,2,2) (51,54,57) (22,25,28) (37,42,47) (50,57,64) (21,23,25) (14,16,18) (69,76,83) (11,12,13) 
(63,68,73) (47,54,61) (67,75,83) (26,29,32) (26,29,32) (91,98,105) (17,17,17) (4,4,4) (10,10,10) (65,71,77) (26,26,26) (3,3,3) (45,51,57) (69,79,89) (27,30,33) (56,58,60) (72,76,80) (72,81,90) (61,63,65) (57,60,63) 
(94,98,102) (6,6,6) (60,66,72) (53,53,53) (52,60,68) (84,93,102) (46,52,58) (61,68,75) (72,81,90) (49,51,53) (81,85,89) (67,74,81) (12,12,12) (23,23,23) (38,43,48) (98,98,98) (25,26,27) (44,51,58) (19,22,25) (26,26,26) 
(87,90,93) (31,35,39) (72,76,80) (7,7,7) (62,67,72) (10,10,10) (37,41,45) (37,41,45) (18,18,18) (41,41,41) (31,35,39) (13,13,13) (27,30,33) (27,28,29) (31,32,33) (92,95,98) (88,92,96) (64,71,78) (67,76,85) (73,78,83) 
(31,31,31) (56,64,72) (21,21,21) (68,72,76) (78,78,78) (77,88,99) (4,4,4) (69,74,79) (25,26,27) (11,11,11) (38,41,44) (83,93,103) (32,32,32) (69,74,79) (18,18,18) (35,37,39) (27,28,29) (42,47,52) (89,98,107) (62,65,68) 
(10,10,10) (33,37,41) (95,99,103) (27,28,29) (79,84,89) (84,92,100) (12,12,12) (62,72,82) (84,84,84) (83,90,97) (31,35,39) (36,40,44) (56,63,70) (26,29,32) (82,89,96) (16,16,16) (4,4,4) (33,38,43) (21,22,23) (76,84,92) 
(38,41,44) (33,38,43) (68,71,74) (58,65,72) (77,86,95) (30,30,30) (53,57,61) (69,71,73) (21,24,27) (10,10,10) (74,78,82) (67,74,81) (15,16,17) (22,25,28) (6,6,6) (73,75,77) (65,68,71) (61,67,73) (65,69,73) (51,56,61) 
(45,46,47) (73,79,85) (31,36,41) (13,13,13) (3,3,3) (54,57,60) (75,79,83) (48,53,58) (10,11,12) (39,45,51) (39,39,39) (75,87,99) (25,25,25) (62,62,62) (30,32,34) (13,13,13) (21,22,23) (93,93,93) (88,90,92) (86,90,94) 
(61,64,67) (64,70,76) (9,9,9) (87,92,97) (15,15,15) (29,32,35) (6,6,6) (92,96,100) (45,51,57) (77,87,97) (43,49,55) (73,75,77) (79,84,89) (1,1,1) (10,10,10) (34,39,44) (3,3,3) (80,89,98) (13,13,13) (21,21,21) 
(45,45,45) (40,40,40) (13,14,15) (66,69,72) (45,45,45) (97,98,99) (85,90,95) (18,19,20) (35,40,45) (2,2,2) (41,47,53) (67,70,73) (43,46,49) (62,70,78) (90,93,96) (67,70,73) (86,93,100) (30,33,36) (9,9,9) (85,85,85) 
(12,13,14) (80,85,90) (29,32,35) (27,30,33) (61,70,79) (59,61,63) (38,42,46) (41,41,41) (88,92,96) (78,87,96) (31,36,41) (57,58,59) (60,66,72) (67,70,73) (21,21,21) (22,22,22) (38,41,44) (87,88,89) (78,91,104) (91,94,97) 
(18,19,20) (44,51,58) (8,8,8) (83,94,105) (69,72,75) (87,99,111) (17,18,19) (34,39,44) (28,30,32) (55,61,67) (18,19,20) (66,74,82) (2,2,2) (73,77,81) (66,66,66) (28,28,28) (23,23,23) (12,14,16) (79,92,105) (90,90,90) 
(86,96,106) (87,92,97) (30,34,38) (10,10,10) (66,68,70) (89,94,99) (59,62,65) (71,83,95) (23,26,29) (81,87,93) (26,29,32) (85,95,105) (30,30,30) (47,49,51) (38,43,48) (80,85,90) (1,1,1) (53,60,67) (70,80,90) (47,48,49) 
(38,42,46) (14,14,14) (53,55,57) (83,97,111) (60,65,70) (62,63,64) (71,74,77) (63,63,63) (61,67,73) (43,48,53) (57,63,69) (80,81,82) (8,8,8) (7,7,7) (19,22,25) (40,43,46) (53,53,53) (21,22,23) (88,93,98) (84,89,94) 
(14,14,14) (2,2,2) (8,8,8) (21,22,23) (80,93,106) (53,59,65) (14,15,16) (9,9,9) (10,10,10) (71,81,91) (77,85,93) (54,62,70) (66,70,74) (61,64,67) (92,93,94) (25,26,27) (28,30,32) (6,6,6) (82,86,90) (24,27,30) 
(10,10,10) (36,39,42) (52,56,60) (23,23,23) (40,44,48) (86,93,100) (82,90,98) (93,99,105) (79,80,81) (43,47,51) (38,38,38) (15,15,15) (41,41,41) (24,26,28) (43,48,53) (48,52,56) (65,75,85) (57,65,73) (4,4,4) (51,57,63) 
(44,46,48) (70,78,86) (9,10,11) (13,13,13) (32,32,32) (58,63,68) (67,71,75) (61,66,71) (38,40,42) (13,13,13) (47,50,53) (97,97,97) (40,41,42) (85,95,105) (57,58,59) (51,57,63) (58,63,68) (37,42,47) (54,56,58) (31,31,31) 
(78,88,98) (2,2,2) (34,34,34) (19,19,19) (82,86,90) (88,90,92) (76,84,92) (35,40,45) (52,52,52) (59,66,73) (76,76,76) (59,62,65) (24,27,30) (25,28,31) (5,5,5) (66,72,78) (52,54,56) (44,46,48) (52,57,62) (59,66,73) 
(88,98,108) (43,44,45) (33,33,33) (18,20,22) (69,74,79) (30,30,30) (4,4,4) (86,88,90) (18,19,20) (74,85,96) (81,81,81) (26,29,32) (66,72,78) (72,79,86) (47,54,61) (33,37,41) (83,95,107) (10,11,12) (11,11,11) (2,2,2) 
(48,48,48) (30,34,38) (23,25,27) (24,26,28) (47,53,59) (85,97,109) (26,26,26) (21,23,25) (33,36,39) (16,17,18) (59,65,71) (87,97,107) (5,5,5) (13,13,13) (63,71,79) (29,32,35) (24,26,28) (6,6,6) (45,47,49) (54,57,60) 
(20,22,24) (85,87,89) (82,89,96) (39,41,43) (70,70,70) (33,35,37) (92,95,98) (61,62,63) (49,57,65) (47,52,57) (18,18,18) (87,94,101) (60,60,60) (34,34,34) (75,87,99) (21,22,23) (84,96,108) (59,59,59) (72,81,90) (81,90,99) 
TIEMPOS MAXIMOS DE FIN
(10000,10000) (10000,10000) (10000,10000) (10000,10000) (10000,10000) (10000,10000) (10000,10000) (10000,10000) (10000,10000) (10000,10000) (10000,10000) (10000,10000) (10000,10000) (10000,10000) (10000,10000) (10000,10000) (10000,10000) (10000,10000) (10000,10000) (10000,10000) (10000,10000) (10000,10000) (10000,10000) (10000,10000) (10000,10000) (10000,10000) (10000,10000) (10000,10000) (10000,10000) (10000,10000) 
// Desviacion: min(0), max(0.147059), promedio(0.0597947)
