NUMBER OF JOBS
50
NUMBER OF RESOURCES
15
RESOURCE SEQUENCE
14 2 5 1 3 7 10 4 11 8 0 9 6 13 12 
1 0 5 2 4 7 3 10 13 14 12 11 6 8 9 
13 14 1 4 8 7 0 6 9 2 10 12 5 3 11 
9 10 3 4 12 6 1 14 0 7 13 11 5 2 8 
1 2 0 3 8 13 4 7 14 12 11 10 9 5 6 
8 9 2 1 7 3 14 10 11 5 12 0 4 13 6 
10 14 7 11 4 3 2 13 5 8 9 0 1 6 12 
12 14 10 2 1 9 6 11 13 0 5 7 3 4 8 
3 12 11 8 7 0 13 2 4 9 1 10 6 14 5 
10 4 6 13 8 0 14 2 9 3 1 12 7 11 5 
13 4 7 5 8 3 6 2 9 11 0 12 1 10 14 
4 2 6 5 1 13 3 0 14 8 10 9 12 7 11 
0 13 4 11 5 12 10 3 9 6 2 14 7 8 1 
0 13 3 1 8 6 12 2 14 5 11 4 9 10 7 
11 0 3 8 9 5 1 4 7 13 6 2 14 12 10 
11 9 3 10 5 7 2 12 0 8 13 4 6 1 14 
5 0 7 6 2 12 13 11 9 3 1 8 10 4 14 
5 7 12 6 8 0 1 14 2 4 13 9 10 11 3 
4 8 2 11 9 3 5 7 13 10 12 1 6 14 0 
10 12 3 5 1 11 6 8 14 4 7 2 9 0 13 
11 13 1 6 4 10 9 7 5 12 3 2 0 8 14 
7 9 14 0 5 3 13 12 1 6 2 4 8 10 11 
12 0 14 1 7 9 8 2 4 5 6 10 13 3 11 
8 9 11 5 10 12 13 7 1 0 2 4 3 6 14 
6 14 12 1 0 7 11 10 8 13 2 5 3 9 4 
9 5 13 12 8 1 3 2 14 0 11 10 6 7 4 
0 6 3 10 5 4 9 12 1 14 7 2 11 13 8 
5 9 12 14 10 2 7 0 6 4 1 13 11 3 8 
4 0 5 11 10 12 9 7 13 3 8 2 14 1 6 
13 12 3 10 2 4 7 5 14 0 8 11 1 6 9 
11 14 5 7 12 6 10 13 9 2 8 1 3 0 4 
1 6 5 0 11 12 2 9 4 10 7 14 13 8 3 
5 9 6 14 4 0 3 11 1 13 2 7 8 12 10 
6 3 13 2 4 14 0 12 10 5 1 9 11 7 8 
13 9 11 4 3 0 7 1 2 14 5 8 6 10 12 
8 3 5 6 2 12 4 10 7 1 13 14 0 11 9 
2 8 7 4 3 6 12 5 13 10 14 9 1 0 11 
10 14 13 6 11 0 1 3 12 8 7 2 4 9 5 
1 8 13 12 11 7 0 2 6 3 4 9 5 10 14 
7 2 0 8 5 11 6 9 12 10 1 13 14 4 3 
4 1 14 6 13 9 8 12 3 5 0 10 11 2 7 
13 5 6 9 0 10 4 8 12 11 1 14 7 3 2 
4 7 3 5 1 10 2 9 8 13 6 12 11 14 0 
9 1 10 12 8 13 0 3 2 11 14 4 5 6 7 
0 2 12 10 14 3 8 9 1 4 7 5 13 6 11 
10 7 14 13 4 1 12 0 11 6 2 5 3 8 9 
14 7 0 13 10 11 5 1 8 3 2 6 4 12 9 
9 7 8 13 10 2 3 6 4 12 0 5 1 11 14 
12 7 8 14 10 0 13 4 6 9 11 5 1 2 3 
13 14 6 9 0 3 8 5 11 12 10 2 7 1 4 
PROCESSING TIMES
(59,68,77) (21,21,21) (6,7,8) (17,19,21) (79,83,87) (72,74,76) (11,12,13) (60,69,78) (38,39,40) (9,9,9) (57,63,69) (60,67,74) (50,58,66) (34,37,40) (14,15,16) 
(53,62,71) (74,83,92) (32,32,32) (48,56,64) (55,61,67) (58,67,76) (8,9,10) (50,50,50) (79,88,97) (85,99,113) (43,50,57) (74,86,98) (40,42,44) (69,70,71) (27,30,33) 
(19,20,21) (36,40,44) (24,28,32) (49,51,53) (23,23,23) (34,34,34) (10,10,10) (63,71,79) (38,41,44) (13,14,15) (58,62,66) (35,41,47) (14,14,14) (62,72,82) (44,48,52) 
(41,47,53) (30,32,34) (87,99,111) (46,51,56) (84,85,86) (47,49,51) (30,32,34) (88,89,90) (66,75,84) (24,24,24) (8,8,8) (45,49,53) (78,86,94) (95,97,99) (75,86,97) 
(12,12,12) (62,65,68) (3,3,3) (79,89,99) (23,26,29) (59,67,75) (23,24,25) (21,24,27) (4,4,4) (37,43,49) (31,33,35) (49,52,55) (34,40,46) (79,84,89) (86,99,112) 
(73,77,81) (1,1,1) (76,81,86) (54,61,68) (49,51,53) (13,14,15) (69,78,87) (60,69,78) (89,95,101) (17,18,19) (13,15,17) (58,66,74) (72,74,76) (80,84,88) (1,1,1) 
(23,23,23) (56,58,60) (32,33,34) (46,52,58) (25,26,27) (11,12,13) (84,97,110) (78,78,78) (47,51,55) (76,82,88) (5,5,5) (70,74,78) (11,12,13) (25,25,25) (40,40,40) 
(66,68,70) (63,66,69) (12,14,16) (92,95,98) (17,19,21) (86,97,108) (57,58,59) (46,54,62) (64,74,84) (5,5,5) (72,83,94) (89,92,95) (8,8,8) (90,96,102) (73,80,87) 
(85,89,93) (71,76,81) (66,74,82) (72,77,82) (57,59,61) (34,39,44) (35,36,37) (35,39,43) (42,45,48) (33,34,35) (44,48,52) (66,72,78) (63,70,77) (70,75,80) (38,42,46) 
(35,38,41) (41,43,45) (9,9,9) (25,29,33) (70,82,94) (4,4,4) (41,42,43) (69,71,73) (85,92,99) (26,27,28) (39,44,49) (67,77,87) (52,55,58) (80,92,104) (77,90,103) 
(6,7,8) (57,57,57) (17,20,23) (37,39,41) (54,61,68) (10,10,10) (81,93,105) (30,34,38) (83,85,87) (57,62,67) (27,29,31) (4,4,4) (45,51,57) (61,62,63) (40,47,54) 
(63,65,67) (51,57,63) (70,76,82) (81,89,97) (8,9,10) (52,61,70) (60,64,68) (2,2,2) (81,85,89) (79,84,89) (24,27,30) (65,70,75) (5,5,5) (56,59,62) (69,69,69) 
(31,36,41) (31,33,35) (75,79,83) (8,8,8) (84,85,86) (74,76,78) (92,92,92) (5,5,5) (22,23,24) (66,70,74) (22,24,26) (1,1,1) (37,39,41) (1,1,1) (64,71,78) 
(44,44,44) (41,48,55) (54,59,64) (56,56,56) (66,77,88) (12,12,12) (76,87,98) (35,41,47) (77,89,101) (22,24,26) (23,24,25) (51,58,65) (52,56,60) (16,17,18) (31,33,35) 
(48,52,56) (17,20,23) (51,57,63) (91,96,101) (12,12,12) (36,40,44) (57,60,63) (7,7,7) (32,34,36) (85,91,97) (19,21,23) (42,44,46) (79,79,79) (46,54,62) (31,35,39) 
(11,12,13) (22,24,26) (13,15,17) (57,66,75) (61,62,63) (4,4,4) (32,37,42) (29,33,37) (68,77,86) (67,67,67) (69,76,83) (37,41,45) (69,77,85) (47,51,55) (71,81,91) 
(63,63,63) (52,60,68) (45,49,53) (68,76,84) (70,75,80) (65,65,65) (25,26,27) (67,74,81) (10,11,12) (38,44,50) (63,67,71) (92,94,96) (82,90,98) (54,62,70) (75,86,97) 
(29,31,33) (6,6,6) (53,62,71) (80,81,82) (63,72,81) (20,20,20) (16,18,20) (77,78,79) (3,3,3) (85,98,111) (84,94,104) (20,22,24) (4,4,4) (58,65,72) (69,72,75) 
(21,21,21) (38,44,50) (84,87,90) (30,31,32) (81,91,101) (27,31,35) (73,81,89) (10,10,10) (29,31,33) (22,24,26) (37,38,39) (89,90,91) (18,18,18) (2,2,2) (1,1,1) 
(27,31,35) (70,76,82) (54,62,70) (1,1,1) (58,66,74) (31,36,41) (36,36,36) (54,55,56) (22,22,22) (83,86,89) (71,74,77) (7,8,9) (53,59,65) (36,37,38) (35,37,39) 
(4,4,4) (68,71,74) (34,39,44) (14,16,18) (30,33,36) (26,26,26) (43,45,47) (87,87,87) (39,42,45) (11,11,11) (18,18,18) (10,11,12) (16,17,18) (68,76,84) (47,51,55) 
(29,34,39) (36,38,40) (65,74,83) (47,54,61) (54,60,66) (79,91,103) (78,81,84) (87,92,97) (41,45,49) (50,51,52) (20,20,20) (63,71,79) (13,14,15) (13,13,13) (50,58,66) 
(57,66,75) (13,13,13) (21,21,21) (85,92,99) (3,3,3) (3,3,3) (71,78,85) (46,47,48) (46,46,46) (52,52,52) (78,87,96) (85,87,89) (54,62,70) (70,70,70) (80,90,100) 
(83,85,87) (15,17,19) (79,86,93) (90,96,102) (47,55,63) (74,74,74) (17,18,19) (70,81,92) (54,56,58) (3,3,3) (27,31,35) (14,15,16) (90,92,94) (47,47,47) (3,3,3) 
(87,93,99) (32,33,34) (69,74,79) (77,90,103) (50,52,54) (35,37,39) (40,42,44) (26,28,30) (71,83,95) (81,82,83) (71,72,73) (12,13,14) (9,9,9) (50,52,54) (18,21,24) 
(10,11,12) (53,61,69) (46,47,48) (10,11,12) (35,41,47) (6,7,8) (30,31,32) (51,51,51) (2,2,2) (80,81,82) (43,45,47) (23,27,31) (46,52,58) (75,88,101) (56,61,66) 
(85,98,111) (46,52,58) (41,41,41) (5,5,5) (18,20,22) (97,97,97) (41,48,55) (23,23,23) (33,34,35) (24,28,32) (65,75,85) (21,21,21) (51,60,69) (86,86,86) (29,34,39) 
(55,55,55) (97,99,101) (43,49,55) (38,44,50) (28,28,28) (32,37,42) (12,12,12) (60,69,78) (76,86,96) (71,74,77) (43,45,47) (91,95,99) (86,97,108) (73,78,83) (1,1,1) 
(80,93,106) (41,42,43) (25,25,25) (31,34,37) (55,59,63) (9,10,11) (43,44,45) (38,38,38) (70,80,90) (29,29,29) (66,68,70) (63,71,79) (27,27,27) (21,24,27) (46,46,46) 
(29,29,29) (15,16,17) (70,78,86) (31,32,33) (27,30,33) (64,72,80) (91,91,91) (75,77,79) (5,5,5) (85,90,95) (24,24,24) (6,6,6) (66,70,74) (47,54,61) (50,52,54) 
(35,38,41) (60,68,76) (46,52,58) (69,79,89) (5,5,5) (44,47,50) (42,42,42) (4,4,4) (61,66,71) (47,47,47) (71,71,71) (79,79,79) (15,17,19) (56,64,72) (50,53,56) 
(45,51,57) (89,90,91) (61,62,63) (97,97,97) (69,77,85) (30,30,30) (15,17,19) (13,13,13) (61,65,69) (60,60,60) (80,90,100) (12,13,14) (72,78,84) (82,82,82) (68,77,86) 
(19,22,25) (38,38,38) (88,94,100) (9,10,11) (63,64,65) (22,22,22) (78,91,104) (60,70,80) (19,22,25) (46,54,62) (71,82,93) (43,49,55) (30,30,30) (59,62,65) (62,66,70) 
(77,88,99) (68,79,90) (9,9,9) (16,18,20) (52,54,56) (20,20,20) (52,59,66) (21,24,27) (47,52,57) (61,70,79) (16,16,16) (32,32,32) (51,60,69) (72,79,86) (81,92,103) 
(41,44,47) (7,7,7) (70,78,86) (84,85,86) (13,13,13) (3,3,3) (56,58,60) (53,62,71) (55,59,63) (73,79,85) (27,31,35) (38,44,50) (12,12,12) (70,79,88) (6,6,6) 
(67,72,77) (68,70,72) (84,97,110) (22,25,28) (7,8,9) (87,99,111) (60,65,70) (2,2,2) (92,92,92) (3,3,3) (52,61,70) (92,95,98) (40,42,44) (73,82,91) (57,60,63) 
(14,15,16) (78,85,92) (2,2,2) (4,4,4) (59,69,79) (42,42,42) (69,73,77) (66,73,80) (27,28,29) (16,16,16) (37,37,37) (55,59,63) (45,46,47) (56,64,72) (39,41,43) 
(47,55,63) (87,88,89) (63,69,75) (48,56,64) (43,48,53) (17,17,17) (2,2,2) (57,66,75) (63,70,77) (55,57,59) (66,67,68) (33,38,43) (40,45,50) (13,14,15) (84,94,104) 
(53,59,65) (99,99,99) (90,97,104) (13,14,15) (3,3,3) (23,26,29) (6,6,6) (46,47,48) (31,35,39) (63,71,79) (44,49,54) (83,91,99) (34,38,42) (72,74,76) (40,42,44) 
(41,41,41) (39,40,41) (95,98,101) (49,50,51) (50,54,58) (13,14,15) (55,64,73) (47,54,61) (77,84,91) (26,26,26) (52,56,60) (66,69,72) (93,96,99) (6,6,6) (36,42,48) 
(83,88,93) (40,43,46) (39,40,41) (46,48,50) (41,46,51) (65,70,75) (7,8,9) (34,36,38) (14,16,18) (84,85,86) (80,82,84) (45,50,55) (74,74,74) (24,28,32) (79,87,95) 
(6,6,6) (47,48,49) (60,70,80) (85,98,111) (18,19,20) (22,24,26) (37,37,37) (33,38,43) (74,85,96) (86,99,112) (19,20,21) (65,76,87) (86,94,102) (86,90,94) (14,14,14) 
(56,56,56) (13,14,15) (56,61,66) (32,34,36) (23,25,27) (65,70,75) (50,50,50) (13,15,17) (6,6,6) (76,77,78) (37,37,37) (8,8,8) (62,63,64) (34,37,40) (23,25,27) 
(95,95,95) (31,34,37) (59,65,71) (87,88,89) (40,43,46) (38,42,46) (27,30,33) (61,62,63) (86,86,86) (51,52,53) (58,61,64) (14,16,18) (47,48,49) (57,62,67) (47,53,59) 
(39,44,49) (89,92,95) (4,4,4) (51,59,67) (3,3,3) (33,34,35) (7,8,9) (70,78,86) (22,22,22) (98,98,98) (8,9,10) (55,63,71) (83,84,85) (50,54,58) (46,53,60) 
(86,91,96) (12,14,16) (88,88,88) (46,54,62) (25,29,33) (60,66,72) (44,48,52) (54,58,62) (37,42,47) (26,26,26) (7,8,9) (7,7,7) (88,99,110) (21,23,25) (72,74,76) 
(61,67,73) (66,77,88) (30,32,34) (83,97,111) (61,71,81) (47,47,47) (61,67,73) (92,98,104) (38,43,48) (56,62,68) (78,84,90) (44,44,44) (2,2,2) (55,60,65) (40,46,52) 
(25,27,29) (72,72,72) (54,62,70) (6,7,8) (68,76,84) (3,3,3) (28,30,32) (35,37,39) (8,9,10) (12,13,14) (67,72,77) (91,99,107) (15,16,17) (15,17,19) (40,40,40) 
(45,52,59) (94,97,100) (25,25,25) (88,92,96) (52,54,56) (52,55,58) (51,51,51) (82,92,102) (37,40,43) (48,52,56) (59,62,65) (40,42,44) (1,1,1) (56,56,56) (9,9,9) 
(61,64,67) (79,83,87) (31,31,31) (40,47,54) (17,19,21) (59,62,65) (11,11,11) (43,44,45) (49,55,61) (54,60,66) (74,84,94) (64,64,64) (77,83,89) (6,7,8) (10,10,10) 
