NUMBER OF JOBS
50
NUMBER OF RESOURCES
15
RESOURCE SEQUENCE
11 1 2 8 5 13 10 14 4 12 9 6 3 7 0 
1 0 3 9 5 4 10 13 2 6 7 12 8 11 14 
9 7 4 0 2 1 8 10 3 5 12 14 11 6 13 
0 12 3 11 10 2 13 7 14 6 8 4 9 5 1 
3 1 9 5 10 8 2 0 13 7 4 6 14 11 12 
5 4 10 8 3 13 1 9 6 2 11 14 0 12 7 
11 3 9 2 4 13 7 6 10 0 14 12 8 1 5 
7 9 0 12 13 1 3 14 4 5 11 6 2 10 8 
14 11 2 12 13 4 5 9 7 6 10 0 8 1 3 
12 1 14 10 11 2 8 3 13 9 7 0 5 6 4 
5 14 2 12 7 3 6 10 1 11 9 4 8 13 0 
7 11 1 4 6 2 8 9 13 10 5 14 0 12 3 
8 1 3 10 11 7 6 0 13 2 14 4 12 5 9 
11 6 12 13 4 1 0 9 8 5 10 2 3 7 14 
8 4 3 13 1 2 12 6 9 0 14 5 11 7 10 
8 2 5 3 4 12 14 1 9 10 6 13 0 7 11 
0 10 4 7 6 14 11 9 2 5 1 13 12 8 3 
1 8 6 2 9 4 13 11 10 3 14 7 5 0 12 
12 5 11 2 7 3 14 1 8 4 13 9 6 10 0 
14 8 4 5 0 2 11 9 1 6 13 10 3 7 12 
3 4 13 11 7 12 6 9 14 5 8 1 0 10 2 
7 8 14 5 2 0 1 9 10 12 6 4 13 3 11 
6 11 14 7 12 9 8 0 1 2 4 13 3 10 5 
9 2 3 14 8 1 10 4 13 11 6 5 7 12 0 
2 11 1 9 0 4 12 5 8 6 7 13 3 10 14 
1 11 8 0 12 3 10 14 7 13 2 4 6 5 9 
5 3 11 12 14 2 10 8 13 6 9 0 4 1 7 
7 8 2 5 13 4 9 6 14 10 12 0 3 11 1 
2 0 11 5 7 12 10 13 9 6 1 8 4 3 14 
7 11 9 0 6 8 4 12 2 3 14 5 1 13 10 
14 2 8 10 7 4 3 1 9 0 11 5 13 12 6 
6 8 7 11 4 2 3 1 10 13 9 5 0 14 12 
13 2 1 14 6 0 12 11 4 10 5 7 3 9 8 
0 3 14 7 9 2 10 4 11 6 8 1 5 12 13 
4 3 11 13 7 5 0 8 6 12 2 1 14 10 9 
7 13 4 8 12 14 10 11 0 5 2 9 1 3 6 
12 10 4 1 8 5 9 2 11 0 14 6 3 7 13 
0 5 4 14 13 1 2 10 9 8 12 6 11 7 3 
2 11 9 1 7 14 0 5 12 3 6 13 4 8 10 
12 3 10 6 9 0 2 11 7 14 8 4 1 13 5 
5 10 12 0 8 7 6 9 11 1 2 4 14 3 13 
6 13 7 9 3 1 14 4 11 12 2 10 5 8 0 
4 8 9 7 6 2 5 13 3 11 10 0 14 12 1 
1 7 8 2 12 9 11 4 14 10 3 6 5 0 13 
7 4 8 10 3 13 2 12 0 1 9 14 5 6 11 
2 14 12 7 4 13 5 9 0 3 1 8 10 6 11 
7 2 11 13 8 10 4 12 9 0 3 5 14 1 6 
9 14 1 2 12 11 4 7 5 10 0 3 6 13 8 
12 0 10 4 8 9 7 11 3 2 5 1 14 6 13 
11 3 5 10 1 6 14 13 12 0 4 2 8 9 7 
PROCESSING TIMES
(75,86,97) (13,13,13) (57,65,73) (17,20,23) (73,76,79) (79,82,85) (36,42,48) (9,10,11) (48,50,52) (28,29,30) (27,30,33) (48,53,58) (45,52,59) (18,19,20) (23,24,25) 
(17,19,21) (68,76,84) (76,77,78) (63,73,83) (68,76,84) (76,87,98) (53,61,69) (51,51,51) (54,61,68) (85,99,113) (33,38,43) (84,98,112) (32,34,36) (34,34,34) (39,44,49) 
(28,29,30) (71,80,89) (54,63,72) (15,15,15) (75,75,75) (27,27,27) (94,98,102) (34,38,42) (53,57,61) (74,80,86) (53,56,59) (46,54,62) (53,55,57) (30,35,40) (14,15,16) 
(64,72,80) (68,73,78) (58,67,76) (52,58,64) (14,14,14) (56,59,62) (6,6,6) (66,70,74) (87,88,89) (58,66,74) (64,65,66) (95,96,97) (87,95,103) (50,56,62) (16,16,16) 
(18,21,24) (77,78,79) (3,3,3) (72,76,80) (9,10,11) (40,46,52) (87,98,109) (12,12,12) (47,55,63) (79,92,105) (38,42,46) (64,68,72) (58,67,76) (70,75,80) (84,97,110) 
(29,30,31) (19,20,21) (71,80,89) (16,16,16) (71,76,81) (40,45,50) (84,97,110) (66,70,74) (49,54,59) (33,38,43) (67,76,85) (82,84,86) (52,55,58) (91,93,95) (64,67,70) 
(78,81,84) (47,53,59) (35,37,39) (74,84,94) (29,33,37) (69,69,69) (48,52,56) (11,11,11) (2,2,2) (7,7,7) (72,79,86) (35,36,37) (78,78,78) (90,92,94) (18,19,20) 
(24,28,32) (76,78,80) (53,62,71) (15,17,19) (37,38,39) (57,66,75) (59,68,77) (6,6,6) (51,60,69) (90,93,96) (44,47,50) (59,63,67) (24,26,28) (55,58,61) (43,46,49) 
(17,19,21) (4,4,4) (62,66,70) (49,51,53) (52,61,70) (16,16,16) (64,72,80) (18,20,22) (82,85,88) (88,95,102) (34,37,40) (19,21,23) (88,94,100) (58,64,70) (7,8,9) 
(43,45,47) (81,84,87) (45,52,59) (43,50,57) (75,77,79) (37,38,39) (55,60,65) (2,2,2) (48,50,52) (57,65,73) (62,71,80) (63,67,71) (82,95,108) (61,71,81) (21,24,27) 
(32,32,32) (6,6,6) (36,42,48) (70,74,78) (49,56,63) (38,38,38) (47,55,63) (74,84,94) (93,96,99) (79,86,93) (43,47,51) (33,38,43) (4,4,4) (71,72,73) (78,91,104) 
(78,81,84) (44,49,54) (37,40,43) (52,57,62) (14,16,18) (6,7,8) (13,13,13) (17,18,19) (91,96,101) (76,84,92) (49,53,57) (67,70,73) (94,94,94) (63,74,85) (84,89,94) 
(67,71,75) (64,66,68) (45,45,45) (26,27,28) (79,79,79) (71,75,79) (67,71,75) (80,88,96) (13,14,15) (32,36,40) (87,88,89) (20,23,26) (48,52,56) (74,74,74) (67,78,89) 
(43,46,49) (60,69,78) (21,24,27) (17,20,23) (33,37,41) (50,53,56) (72,82,92) (32,34,36) (50,54,58) (43,47,51) (12,13,14) (24,28,32) (70,78,86) (40,42,44) (82,86,90) 
(42,46,50) (84,88,92) (35,37,39) (70,75,80) (52,56,60) (70,77,84) (20,21,22) (8,8,8) (45,52,59) (47,53,59) (11,12,13) (73,81,89) (65,72,79) (68,79,90) (97,98,99) 
(11,12,13) (9,10,11) (87,98,109) (15,15,15) (50,55,60) (44,48,52) (82,91,100) (10,11,12) (25,28,31) (42,42,42) (12,13,14) (78,85,92) (13,15,17) (20,21,22) (24,24,24) 
(42,44,46) (42,46,50) (73,79,85) (12,13,14) (45,48,51) (76,78,80) (61,67,73) (64,72,80) (75,87,99) (60,64,68) (18,21,24) (58,58,58) (65,75,85) (84,86,88) (9,10,11) 
(32,32,32) (63,73,83) (63,70,77) (28,30,32) (81,91,101) (60,63,66) (33,33,33) (33,38,43) (41,42,43) (78,82,86) (63,71,79) (61,70,79) (71,78,85) (15,15,15) (75,80,85) 
(6,6,6) (24,27,30) (76,79,82) (59,59,59) (74,77,80) (87,99,111) (25,27,29) (23,26,29) (53,61,69) (10,11,12) (20,20,20) (65,66,67) (93,96,99) (53,55,57) (46,48,50) 
(52,57,62) (41,47,53) (81,84,87) (78,84,90) (88,92,96) (4,4,4) (53,62,71) (20,23,26) (50,56,62) (99,99,99) (64,68,72) (5,5,5) (31,31,31) (77,83,89) (30,31,32) 
(24,24,24) (37,43,49) (46,48,50) (71,79,87) (36,40,44) (49,57,65) (84,90,96) (73,83,93) (7,8,9) (90,99,108) (25,29,33) (8,8,8) (38,40,42) (58,64,70) (55,57,59) 
(75,77,79) (47,53,59) (1,1,1) (94,99,104) (38,39,40) (70,81,92) (50,58,66) (90,94,98) (40,41,42) (86,93,100) (55,61,67) (24,24,24) (32,32,32) (31,31,31) (43,48,53) 
(41,42,43) (34,39,44) (60,60,60) (36,41,46) (39,40,41) (39,45,51) (13,14,15) (25,27,29) (7,8,9) (29,29,29) (83,89,95) (80,92,104) (71,74,77) (85,97,109) (15,16,17) 
(14,14,14) (28,28,28) (10,10,10) (6,6,6) (26,27,28) (53,57,61) (46,54,62) (59,62,65) (54,57,60) (93,98,103) (30,32,34) (28,32,36) (21,21,21) (60,61,62) (59,66,73) 
(6,6,6) (13,13,13) (32,33,34) (75,88,101) (80,92,104) (17,20,23) (77,79,81) (54,63,72) (25,29,33) (90,97,104) (64,66,68) (59,59,59) (2,2,2) (82,83,84) (19,20,21) 
(31,36,41) (30,35,40) (60,70,80) (31,34,37) (52,60,68) (55,63,71) (89,90,91) (85,94,103) (56,56,56) (23,27,31) (48,49,50) (89,93,97) (23,27,31) (34,39,44) (44,44,44) 
(17,19,21) (13,13,13) (46,54,62) (69,69,69) (55,56,57) (28,32,36) (69,80,91) (30,30,30) (42,49,56) (69,74,79) (69,79,89) (22,25,28) (66,69,72) (9,9,9) (49,51,53) 
(33,37,41) (87,92,97) (51,59,67) (11,11,11) (41,41,41) (62,68,74) (3,3,3) (6,6,6) (3,3,3) (50,54,58) (86,98,110) (80,82,84) (21,21,21) (53,61,69) (93,95,97) 
(76,79,82) (13,15,17) (44,44,44) (79,91,103) (93,93,93) (38,38,38) (83,90,97) (19,21,23) (40,42,44) (35,40,45) (13,15,17) (24,24,24) (94,97,100) (32,34,36) (27,27,27) 
(70,74,78) (61,69,77) (78,81,84) (6,7,8) (63,71,79) (6,6,6) (28,32,36) (13,15,17) (27,28,29) (6,6,6) (52,53,54) (68,73,78) (65,65,65) (29,29,29) (37,37,37) 
(39,45,51) (75,87,99) (25,27,29) (67,76,85) (63,64,65) (35,35,35) (4,4,4) (57,57,57) (39,43,47) (98,98,98) (54,62,70) (46,49,52) (41,44,47) (75,75,75) (34,38,42) 
(80,93,106) (72,78,84) (92,92,92) (39,44,49) (17,20,23) (83,83,83) (48,51,54) (60,68,76) (89,91,93) (7,7,7) (83,97,111) (59,69,79) (85,97,109) (80,94,108) (50,58,66) 
(70,80,90) (80,80,80) (21,22,23) (48,51,54) (62,71,80) (22,25,28) (13,13,13) (6,7,8) (84,88,92) (26,26,26) (73,83,93) (63,73,83) (67,73,79) (34,39,44) (57,58,59) 
(76,77,78) (17,19,21) (8,9,10) (52,60,68) (18,19,20) (85,87,89) (54,60,66) (48,48,48) (84,86,88) (49,50,51) (6,7,8) (18,19,20) (13,14,15) (46,52,58) (84,97,110) 
(4,4,4) (82,86,90) (50,56,62) (80,86,92) (48,49,50) (14,16,18) (41,46,51) (85,93,101) (76,87,98) (36,39,42) (22,22,22) (1,1,1) (61,71,81) (4,4,4) (81,84,87) 
(38,39,40) (75,84,93) (93,98,103) (90,95,100) (20,22,24) (41,48,55) (28,28,28) (25,27,29) (19,21,23) (53,55,57) (79,80,81) (10,10,10) (83,89,95) (84,87,90) (66,76,86) 
(66,69,72) (68,80,92) (58,59,60) (89,98,107) (65,76,87) (11,12,13) (4,4,4) (56,58,60) (21,24,27) (77,86,95) (43,45,47) (88,89,90) (15,17,19) (27,30,33) (76,81,86) 
(20,22,24) (5,5,5) (25,28,31) (18,18,18) (43,46,49) (83,88,93) (9,10,11) (89,90,91) (71,80,89) (48,53,58) (37,41,45) (90,98,106) (25,28,31) (12,12,12) (24,25,26) 
(93,93,93) (19,19,19) (80,83,86) (57,58,59) (56,61,66) (7,7,7) (75,88,101) (15,17,19) (74,81,88) (67,69,71) (70,76,82) (12,12,12) (69,71,73) (52,61,70) (26,28,30) 
(20,21,22) (20,20,20) (84,89,94) (34,38,42) (85,91,97) (44,49,54) (40,42,44) (23,26,29) (88,89,90) (78,80,82) (9,10,11) (15,15,15) (43,49,55) (41,45,49) (58,59,60) 
(74,86,98) (2,2,2) (17,20,23) (16,17,18) (43,48,53) (45,46,47) (6,6,6) (37,43,49) (14,16,18) (44,51,58) (70,74,78) (69,81,93) (68,74,80) (61,64,67) (15,15,15) 
(47,47,47) (89,98,107) (30,32,34) (33,35,37) (73,81,89) (89,96,103) (42,42,42) (13,15,17) (35,35,35) (91,92,93) (52,55,58) (96,98,100) (55,61,67) (68,74,80) (30,30,30) 
(41,44,47) (7,8,9) (53,53,53) (42,45,48) (64,71,78) (59,65,71) (85,87,89) (4,4,4) (35,35,35) (9,9,9) (29,30,31) (49,56,63) (66,67,68) (63,68,73) (79,90,101) 
(55,62,69) (30,31,32) (12,14,16) (41,43,45) (19,21,23) (52,58,64) (82,82,82) (85,85,85) (81,88,95) (29,33,37) (39,39,39) (65,70,75) (54,63,72) (77,82,87) (49,57,65) 
(71,71,71) (85,99,113) (67,78,89) (75,83,91) (81,88,95) (9,9,9) (44,50,56) (38,38,38) (70,76,82) (79,85,91) (86,97,108) (17,19,21) (66,68,70) (46,51,56) (22,25,28) 
(3,3,3) (53,57,61) (64,75,86) (81,95,109) (6,6,6) (31,31,31) (73,79,85) (81,86,91) (84,95,106) (78,87,96) (62,66,70) (35,35,35) (62,68,74) (15,17,19) (17,18,19) 
(68,68,68) (62,71,80) (76,84,92) (58,64,70) (49,53,57) (62,67,72) (40,44,48) (1,1,1) (57,63,69) (25,27,29) (9,10,11) (20,21,22) (44,50,56) (13,13,13) (65,76,87) 
(54,56,58) (76,77,78) (38,40,42) (79,82,85) (71,75,79) (92,92,92) (15,17,19) (67,72,77) (9,10,11) (12,12,12) (46,48,50) (5,5,5) (3,3,3) (13,13,13) (31,33,35) 
(24,25,26) (82,86,90) (32,32,32) (27,31,35) (12,14,16) (56,58,60) (29,31,33) (61,62,63) (37,41,45) (49,55,61) (39,44,49) (13,13,13) (50,53,56) (30,33,36) (62,63,64) 
(7,8,9) (92,95,98) (41,44,47) (33,38,43) (6,6,6) (95,95,95) (82,87,92) (42,47,52) (42,42,42) (65,72,79) (90,93,96) (82,92,102) (35,38,41) (95,98,101) (50,55,60) 
