NUMBER OF JOBS
50
NUMBER OF RESOURCES
15
RESOURCE SEQUENCE
10 4 0 6 2 3 12 1 5 11 8 7 14 13 9 
14 5 2 6 3 7 9 8 0 1 13 10 12 11 4 
11 14 2 5 7 13 12 0 3 9 10 4 6 1 8 
6 3 4 9 2 0 12 7 5 11 10 13 1 8 14 
1 10 0 9 5 4 7 12 11 3 13 14 6 8 2 
2 0 8 4 12 9 6 14 13 5 3 1 7 10 11 
0 11 2 13 8 4 10 12 14 7 1 6 3 5 9 
3 2 4 10 6 12 5 13 8 9 14 11 0 1 7 
12 10 1 4 7 9 6 2 3 11 14 5 13 0 8 
12 5 14 7 10 9 6 4 3 8 11 2 13 0 1 
10 5 14 3 2 13 7 4 9 12 11 6 8 0 1 
5 0 14 10 9 6 11 12 8 2 1 13 7 3 4 
1 12 3 5 0 8 11 9 2 4 13 14 7 6 10 
8 11 10 6 5 0 4 1 14 7 12 2 3 13 9 
6 7 1 2 10 14 12 8 9 0 13 4 3 5 11 
1 8 10 4 6 7 13 14 12 5 3 0 2 9 11 
1 0 8 3 12 2 6 4 14 11 10 13 7 9 5 
2 7 14 4 9 10 3 5 6 13 12 11 8 1 0 
6 4 1 12 0 14 3 8 2 7 13 10 11 5 9 
8 0 14 3 7 6 1 13 5 11 12 2 9 4 10 
11 13 7 14 1 12 4 5 3 9 8 10 0 2 6 
12 4 1 13 6 0 5 8 3 10 11 14 7 2 9 
2 9 10 7 11 4 8 0 5 3 6 12 13 14 1 
5 9 3 1 2 12 0 7 14 4 10 11 6 13 8 
5 12 4 11 9 14 8 1 3 2 10 0 7 6 13 
14 10 2 3 0 9 11 12 7 6 1 5 13 8 4 
14 2 9 1 7 5 8 3 4 12 0 6 11 13 10 
8 14 11 7 6 9 12 10 0 4 1 5 3 13 2 
2 12 4 13 14 6 9 3 5 1 0 8 7 11 10 
13 3 1 6 10 11 9 14 0 7 5 12 4 2 8 
3 1 11 6 12 7 10 14 5 13 8 0 2 4 9 
0 2 4 13 5 10 3 11 7 1 14 9 12 6 8 
9 10 12 5 6 14 2 0 7 3 4 1 13 11 8 
4 8 0 11 2 9 7 12 1 10 3 5 13 14 6 
2 14 1 11 0 6 4 3 10 5 12 7 9 8 13 
2 6 9 4 1 0 14 7 3 8 13 10 5 12 11 
7 3 8 13 9 10 11 4 5 1 14 2 6 12 0 
9 7 3 6 4 8 1 11 14 13 12 5 0 2 10 
2 10 0 5 1 3 14 4 12 13 8 7 6 11 9 
4 14 13 0 5 2 10 7 9 1 11 12 3 8 6 
14 3 1 13 5 6 8 4 0 9 2 10 12 7 11 
1 9 5 12 7 0 11 3 14 6 10 2 4 8 13 
2 10 1 11 6 13 12 7 3 8 5 14 9 4 0 
7 12 14 11 9 1 5 13 3 8 4 6 2 10 0 
4 0 2 5 11 13 10 14 6 8 9 7 3 12 1 
9 7 6 10 13 1 8 5 11 14 12 0 3 4 2 
7 5 9 14 4 2 1 0 12 13 6 10 8 11 3 
11 1 0 4 9 2 3 10 5 6 13 14 12 8 7 
7 8 4 14 5 2 10 0 12 6 13 9 11 1 3 
11 6 9 13 7 2 0 3 12 4 14 5 10 1 8 
PROCESSING TIMES
(40,46,52) (43,43,43) (22,25,28) (88,99,110) (86,90,94) (21,21,21) (23,27,31) (15,17,19) (16,16,16) (83,88,93) (58,64,70) (8,9,10) (43,50,57) (51,55,59) (21,22,23) 
(8,9,10) (35,39,43) (57,58,59) (14,16,18) (88,98,108) (51,58,65) (71,81,91) (51,51,51) (9,10,11) (27,31,35) (42,49,56) (56,65,74) (46,48,50) (61,62,63) (46,51,56) 
(52,54,56) (42,46,50) (82,96,110) (44,46,48) (16,16,16) (17,17,17) (69,72,75) (46,51,56) (31,33,35) (84,91,98) (17,18,19) (73,84,95) (84,87,90) (27,31,35) (47,51,55) 
(3,3,3) (83,94,105) (85,91,97) (2,2,2) (44,50,56) (80,89,98) (77,78,79) (5,5,5) (29,30,31) (10,10,10) (22,22,22) (67,76,85) (49,50,51) (45,45,45) (26,28,30) 
(5,5,5) (48,53,58) (56,57,58) (12,14,16) (89,90,91) (8,8,8) (46,52,58) (65,76,87) (53,59,65) (14,15,16) (34,39,44) (34,40,46) (49,54,59) (53,57,61) (45,52,59) 
(29,31,33) (2,2,2) (49,56,63) (61,64,67) (52,55,58) (86,96,106) (6,6,6) (35,36,37) (27,29,31) (50,57,64) (75,86,97) (65,69,73) (49,54,59) (65,76,87) (78,89,100) 
(38,39,40) (7,7,7) (32,32,32) (71,74,77) (86,90,94) (59,66,73) (72,76,80) (47,53,59) (40,46,52) (27,27,27) (77,83,89) (46,49,52) (68,72,76) (20,22,24) (52,53,54) 
(83,83,83) (18,18,18) (82,86,90) (77,89,101) (90,93,96) (54,63,72) (30,34,38) (95,97,99) (72,84,96) (53,61,69) (28,32,36) (47,48,49) (22,23,24) (76,81,86) (56,61,66) 
(31,32,33) (11,11,11) (16,18,20) (51,54,57) (92,96,100) (57,67,77) (70,73,76) (53,61,69) (14,15,16) (65,67,69) (31,34,37) (34,37,40) (59,65,71) (41,44,47) (29,32,35) 
(73,79,85) (22,23,24) (49,51,53) (51,60,69) (8,9,10) (53,54,55) (82,85,88) (81,88,95) (80,83,86) (48,55,62) (75,87,99) (87,93,99) (69,80,91) (62,72,82) (5,5,5) 
(47,54,61) (54,54,54) (46,54,62) (56,59,62) (43,49,55) (68,68,68) (48,56,64) (8,9,10) (23,23,23) (53,58,63) (81,88,95) (71,82,93) (10,10,10) (74,87,100) (52,54,56) 
(65,72,79) (78,84,90) (26,29,32) (53,59,65) (51,60,69) (91,98,105) (39,41,43) (82,87,92) (24,27,30) (29,31,33) (75,79,83) (69,69,69) (55,64,73) (81,86,91) (73,77,81) 
(69,71,73) (61,61,61) (32,33,34) (55,55,55) (78,83,88) (9,9,9) (79,87,95) (18,19,20) (44,49,54) (68,68,68) (4,4,4) (21,24,27) (37,41,45) (49,49,49) (66,77,88) 
(34,36,38) (20,23,26) (31,36,41) (35,41,47) (50,56,62) (63,68,73) (71,81,91) (46,49,52) (42,45,48) (61,67,73) (81,89,97) (51,60,69) (1,1,1) (52,58,64) (27,28,29) 
(41,43,45) (69,76,83) (40,42,44) (56,59,62) (47,50,53) (3,3,3) (25,26,27) (37,41,45) (63,66,69) (52,52,52) (7,8,9) (30,33,36) (35,40,45) (36,39,42) (45,50,55) 
(56,65,74) (30,30,30) (42,49,56) (12,14,16) (57,64,71) (34,34,34) (32,35,38) (60,66,72) (14,16,18) (41,45,49) (32,36,40) (80,80,80) (5,5,5) (2,2,2) (55,63,71) 
(49,53,57) (6,7,8) (32,34,36) (53,53,53) (41,43,45) (78,85,92) (8,9,10) (56,64,72) (86,92,98) (64,65,66) (14,15,16) (1,1,1) (6,6,6) (83,95,107) (71,82,93) 
(11,11,11) (3,3,3) (29,33,37) (62,62,62) (61,70,79) (6,6,6) (3,3,3) (35,35,35) (50,57,64) (75,76,77) (33,38,43) (25,28,31) (72,78,84) (6,7,8) (17,17,17) 
(40,40,40) (47,55,63) (20,21,22) (11,11,11) (52,58,64) (7,8,9) (35,38,41) (19,19,19) (24,25,26) (49,55,61) (38,39,40) (91,92,93) (29,30,31) (82,94,106) (36,39,42) 
(29,34,39) (16,18,20) (85,99,113) (28,28,28) (2,2,2) (40,41,42) (34,35,36) (6,6,6) (68,70,72) (4,4,4) (92,95,98) (54,59,64) (6,7,8) (84,88,92) (66,71,76) 
(38,39,40) (41,48,55) (23,27,31) (24,27,30) (23,23,23) (76,80,84) (35,35,35) (62,67,72) (21,22,23) (85,85,85) (61,70,79) (34,36,38) (38,43,48) (73,80,87) (51,60,69) 
(14,15,16) (19,22,25) (82,93,104) (77,85,93) (8,9,10) (37,38,39) (93,98,103) (23,25,27) (62,64,66) (44,45,46) (85,96,107) (34,36,38) (36,37,38) (40,46,52) (77,89,101) 
(22,23,24) (20,20,20) (43,46,49) (83,91,99) (44,45,46) (67,67,67) (6,6,6) (69,69,69) (74,82,90) (75,76,77) (5,5,5) (62,71,80) (82,82,82) (62,70,78) (70,72,74) 
(31,36,41) (85,93,101) (22,23,24) (12,13,14) (80,80,80) (41,44,47) (82,95,108) (78,81,84) (39,44,49) (42,44,46) (83,85,87) (57,58,59) (58,62,66) (17,18,19) (87,94,101) 
(51,60,69) (64,68,72) (80,84,88) (33,35,37) (87,92,97) (53,62,71) (92,94,96) (88,89,90) (1,1,1) (42,48,54) (34,36,38) (33,35,37) (24,28,32) (32,37,42) (36,41,46) 
(61,62,63) (30,35,40) (53,62,71) (14,15,16) (8,8,8) (18,18,18) (21,21,21) (27,28,29) (62,72,82) (57,65,73) (70,82,94) (15,16,17) (34,40,46) (82,93,104) (41,41,41) 
(11,12,13) (14,14,14) (46,53,60) (20,20,20) (95,99,103) (26,30,34) (41,48,55) (9,9,9) (44,51,58) (12,12,12) (51,60,69) (51,51,51) (78,80,82) (70,81,92) (8,9,10) 
(60,61,62) (53,62,71) (31,33,35) (53,61,69) (64,73,82) (3,3,3) (1,1,1) (19,19,19) (77,80,83) (38,40,42) (14,16,18) (22,23,24) (6,7,8) (81,82,83) (4,4,4) 
(12,12,12) (70,76,82) (87,95,103) (55,63,71) (51,52,53) (60,60,60) (76,86,96) (66,67,68) (25,26,27) (22,25,28) (85,85,85) (11,12,13) (86,86,86) (92,92,92) (68,73,78) 
(51,57,63) (53,56,59) (42,47,52) (86,98,110) (55,55,55) (3,3,3) (28,29,30) (31,33,35) (24,24,24) (87,92,97) (45,51,57) (64,66,68) (35,38,41) (17,19,21) (52,59,66) 
(11,12,13) (51,54,57) (72,73,74) (31,33,35) (23,23,23) (74,75,76) (69,69,69) (80,93,106) (56,64,72) (44,46,48) (39,44,49) (80,81,82) (1,1,1) (77,78,79) (98,98,98) 
(20,22,24) (95,95,95) (24,28,32) (8,8,8) (55,59,63) (63,63,63) (77,87,97) (72,84,96) (20,22,24) (43,43,43) (76,85,94) (85,99,113) (9,9,9) (11,11,11) (70,79,88) 
(2,2,2) (20,20,20) (49,49,49) (28,32,36) (42,49,56) (15,17,19) (61,71,81) (69,79,89) (22,25,28) (78,78,78) (32,33,34) (19,20,21) (74,84,94) (51,60,69) (65,67,69) 
(11,12,13) (43,45,47) (78,81,84) (25,29,33) (35,41,47) (79,87,95) (50,57,64) (66,68,70) (78,79,80) (83,97,111) (15,16,17) (53,61,69) (59,63,67) (25,25,25) (46,51,56) 
(41,41,41) (33,33,33) (77,80,83) (65,76,87) (68,74,80) (3,3,3) (50,55,60) (28,32,36) (17,20,23) (74,77,80) (53,60,67) (58,62,66) (68,70,72) (59,68,77) (80,91,102) 
(87,96,105) (12,13,14) (67,73,79) (16,16,16) (6,6,6) (20,23,26) (85,88,91) (69,72,75) (33,37,41) (32,33,34) (93,98,103) (13,14,15) (69,81,93) (83,84,85) (89,95,101) 
(75,84,93) (45,47,49) (17,17,17) (38,38,38) (11,11,11) (32,33,34) (42,49,56) (9,9,9) (44,51,58) (26,26,26) (90,99,108) (16,18,20) (36,41,46) (27,28,29) (6,7,8) 
(1,1,1) (12,14,16) (33,34,35) (48,49,50) (10,11,12) (69,78,87) (8,8,8) (7,8,9) (61,68,75) (38,38,38) (67,72,77) (66,70,74) (28,32,36) (80,81,82) (77,86,95) 
(83,93,103) (31,34,37) (6,6,6) (91,99,107) (4,4,4) (26,29,32) (24,24,24) (80,84,88) (53,53,53) (17,17,17) (48,50,52) (52,53,54) (22,24,26) (55,59,63) (53,62,71) 
(58,67,76) (68,75,82) (87,89,91) (75,82,89) (38,39,40) (79,82,85) (30,35,40) (55,58,61) (59,63,67) (4,4,4) (63,64,65) (8,8,8) (27,30,33) (50,53,56) (66,74,82) 
(42,44,46) (15,17,19) (26,26,26) (71,73,75) (31,34,37) (38,38,38) (40,45,50) (65,71,77) (16,16,16) (82,96,110) (75,86,97) (27,30,33) (41,46,51) (26,26,26) (6,7,8) 
(39,45,51) (14,16,18) (91,96,101) (58,68,78) (44,48,52) (29,30,31) (77,79,81) (90,90,90) (76,84,92) (44,48,52) (75,79,83) (13,14,15) (39,42,45) (82,82,82) (23,26,29) 
(1,1,1) (61,62,63) (45,45,45) (3,3,3) (7,7,7) (15,15,15) (20,22,24) (66,71,76) (19,19,19) (80,87,94) (50,55,60) (12,12,12) (47,50,53) (9,10,11) (33,36,39) 
(69,71,73) (3,3,3) (61,61,61) (33,34,35) (57,60,63) (63,72,81) (34,34,34) (31,33,35) (60,69,78) (32,36,40) (85,88,91) (1,1,1) (3,3,3) (85,98,111) (86,90,94) 
(75,84,93) (45,50,55) (74,74,74) (16,16,16) (80,86,92) (28,32,36) (2,2,2) (22,22,22) (20,22,24) (63,73,83) (15,16,17) (7,8,9) (64,64,64) (60,70,80) (71,83,95) 
(52,57,62) (20,22,24) (40,43,46) (2,2,2) (9,10,11) (37,37,37) (43,46,49) (83,89,95) (28,31,34) (24,27,30) (46,47,48) (77,85,93) (74,86,98) (75,81,87) (33,38,43) 
(34,39,44) (14,14,14) (59,64,69) (81,87,93) (30,34,38) (30,33,36) (35,37,39) (78,78,78) (77,84,91) (23,27,31) (43,46,49) (93,93,93) (65,75,85) (63,70,77) (8,9,10) 
(23,25,27) (78,84,90) (14,15,16) (54,59,64) (79,85,91) (49,53,57) (28,29,30) (62,70,78) (50,50,50) (80,93,106) (23,23,23) (96,98,100) (2,2,2) (17,17,17) (83,87,91) 
(11,11,11) (7,7,7) (62,70,78) (18,19,20) (12,13,14) (22,23,24) (89,94,99) (2,2,2) (55,55,55) (88,93,98) (74,77,80) (88,92,96) (38,39,40) (29,33,37) (66,75,84) 
(28,29,30) (56,60,64) (27,27,27) (51,57,63) (71,79,87) (59,67,75) (66,66,66) (21,22,23) (24,27,30) (20,20,20) (5,5,5) (39,43,47) (77,79,81) (8,9,10) (73,85,97) 
