NUMBER OF JOBS
50
NUMBER OF RESOURCES
20
RESOURCE SEQUENCE
8 19 17 15 1 2 10 7 13 18 5 6 3 4 14 11 16 0 9 12 
12 11 3 16 1 2 9 8 18 4 0 19 17 15 5 10 13 14 6 7 
8 6 15 14 3 7 19 18 1 11 4 12 17 13 0 2 9 10 16 5 
12 9 5 16 0 2 13 18 6 11 1 19 8 14 7 4 15 10 3 17 
1 3 13 4 18 5 6 9 7 8 15 0 14 10 12 19 16 17 2 11 
16 3 4 14 1 2 10 9 5 0 18 19 8 17 12 15 13 6 7 11 
19 4 15 0 12 13 1 7 18 5 9 3 16 8 11 2 6 14 10 17 
9 10 8 4 14 5 15 7 18 6 13 19 17 2 16 11 0 12 3 1 
9 13 15 7 18 2 11 19 1 8 0 4 3 12 6 16 14 17 10 5 
6 11 17 8 16 7 0 14 4 15 2 13 18 1 9 19 10 5 3 12 
13 4 7 6 15 11 10 9 3 17 16 5 12 1 8 18 14 0 19 2 
3 10 14 0 7 12 9 19 11 5 18 1 13 17 2 6 4 16 15 8 
0 10 2 18 14 12 13 1 3 9 17 15 19 4 5 8 16 6 7 11 
6 11 9 8 15 17 0 4 14 10 12 2 13 18 5 1 16 19 3 7 
1 9 16 17 15 2 5 10 8 14 7 11 13 0 19 3 4 18 12 6 
11 17 5 1 12 18 10 9 2 15 16 6 7 8 14 4 0 19 13 3 
3 5 13 16 14 11 17 12 7 18 15 8 2 0 9 10 4 6 19 1 
16 13 8 17 5 10 18 12 1 4 14 9 6 11 3 7 15 2 0 19 
4 14 15 19 17 18 1 9 8 7 6 5 0 3 16 11 10 12 13 2 
9 15 13 4 14 8 3 2 5 18 7 16 6 11 10 0 17 12 19 1 
18 2 17 16 10 8 12 19 14 1 6 5 0 7 11 3 4 15 13 9 
8 17 11 15 3 6 16 13 12 2 19 9 14 4 18 1 7 10 5 0 
11 17 10 19 12 18 16 5 15 4 1 13 2 7 0 6 14 9 3 8 
18 7 15 9 3 19 16 11 5 13 17 10 12 0 1 14 2 4 6 8 
4 17 6 2 18 5 12 7 0 14 11 15 1 19 16 8 3 9 13 10 
6 1 15 2 18 11 7 14 10 4 0 3 9 13 12 19 17 8 5 16 
15 6 18 17 0 19 1 14 16 9 13 4 5 8 2 12 11 3 7 10 
9 17 10 6 3 0 12 18 16 7 14 4 13 1 8 19 11 5 2 15 
13 4 17 14 5 11 8 0 9 18 12 16 2 6 15 3 10 1 19 7 
2 4 10 12 17 5 7 11 16 15 3 9 0 18 19 6 1 13 8 14 
9 2 15 7 11 17 14 6 12 3 19 0 10 1 13 8 16 5 4 18 
17 4 19 15 0 3 6 2 12 13 1 8 16 7 5 10 14 18 9 11 
13 6 4 12 5 10 11 8 2 18 9 3 14 0 17 1 15 16 19 7 
15 2 3 7 13 16 12 14 8 4 5 0 17 10 6 18 9 11 19 1 
15 8 10 1 18 11 0 17 4 12 3 19 5 2 14 9 16 7 6 13 
4 12 3 18 10 19 17 6 2 1 0 5 7 8 11 14 9 16 13 15 
16 17 9 19 7 1 6 8 3 13 15 12 11 2 14 5 18 4 0 10 
12 2 0 13 4 16 7 3 18 15 5 9 6 10 11 1 19 14 17 8 
15 1 2 16 12 19 0 8 9 5 7 11 18 4 10 3 13 14 6 17 
7 0 12 10 1 18 8 5 19 3 11 15 2 16 13 6 17 4 9 14 
11 2 10 17 7 4 6 19 16 8 9 0 1 5 12 15 13 18 14 3 
15 8 7 5 19 17 18 14 6 16 3 2 10 9 13 12 0 11 4 1 
4 3 12 19 7 11 15 0 14 9 10 18 13 5 2 6 8 17 16 1 
2 7 4 18 17 1 5 8 13 9 15 3 12 6 11 16 0 19 14 10 
13 14 1 2 16 0 11 19 6 7 5 10 15 12 17 9 4 18 3 8 
0 16 3 7 2 17 19 4 12 8 5 6 14 9 18 10 13 1 11 15 
6 13 12 9 2 19 14 18 4 5 10 7 15 8 3 1 0 11 16 17 
8 14 7 10 9 6 0 2 16 12 13 5 19 17 4 15 3 11 18 1 
3 10 7 0 1 13 18 17 8 14 16 15 11 19 5 12 4 9 6 2 
15 5 18 19 17 9 12 14 1 11 2 7 10 0 4 6 16 8 3 13 
PROCESSING TIMES
(41,48,55) (40,40,40) (47,54,61) (63,71,79) (50,52,54) (68,70,72) (35,41,47) (66,76,86) (50,52,54) (23,24,25) (5,5,5) (39,43,47) (61,68,75) (9,10,11) (45,49,53) (9,9,9) (69,81,93) (27,30,33) (91,93,95) (15,17,19) 
(77,85,93) (16,18,20) (47,54,61) (42,42,42) (37,41,45) (61,71,81) (58,68,78) (70,82,94) (51,54,57) (49,49,49) (19,21,23) (1,1,1) (56,58,60) (1,1,1) (62,69,76) (50,58,66) (38,40,42) (59,59,59) (65,66,67) (28,29,30) 
(30,33,36) (32,34,36) (71,77,83) (40,42,44) (82,95,108) (2,2,2) (68,71,74) (63,73,83) (18,19,20) (22,25,28) (42,45,48) (77,88,99) (17,19,21) (40,40,40) (40,42,44) (16,17,18) (80,81,82) (64,72,80) (68,70,72) (67,67,67) 
(47,51,55) (37,41,45) (72,74,76) (84,97,110) (26,26,26) (4,4,4) (24,25,26) (11,12,13) (15,17,19) (67,76,85) (6,6,6) (75,79,83) (42,49,56) (34,39,44) (1,1,1) (25,27,29) (41,44,47) (65,75,85) (1,1,1) (17,18,19) 
(19,22,25) (94,99,104) (7,7,7) (6,7,8) (69,72,75) (23,24,25) (17,19,21) (70,81,92) (22,23,24) (65,72,79) (43,50,57) (83,95,107) (31,31,31) (64,67,70) (66,67,68) (21,22,23) (12,12,12) (25,28,31) (65,68,71) (78,88,98) 
(45,52,59) (51,51,51) (41,44,47) (36,38,40) (60,64,68) (10,11,12) (61,62,63) (20,20,20) (53,54,55) (14,15,16) (72,83,94) (77,79,81) (47,55,63) (42,48,54) (37,38,39) (32,37,42) (37,42,47) (70,81,92) (86,89,92) (57,60,63) 
(77,82,87) (40,43,46) (54,57,60) (1,1,1) (83,89,95) (10,11,12) (38,41,44) (48,50,52) (58,68,78) (2,2,2) (4,4,4) (62,65,68) (17,20,23) (52,56,60) (45,46,47) (33,36,39) (31,33,35) (51,56,61) (13,13,13) (46,50,54) 
(42,45,48) (11,11,11) (61,63,65) (51,59,67) (59,69,79) (38,39,40) (43,44,45) (56,61,66) (65,67,69) (63,72,81) (64,74,84) (56,59,62) (14,16,18) (23,26,29) (79,90,101) (66,66,66) (48,56,64) (44,47,50) (84,95,106) (39,39,39) 
(80,92,104) (2,2,2) (78,88,98) (87,90,93) (42,45,48) (81,88,95) (78,90,102) (93,94,95) (29,34,39) (1,1,1) (78,81,84) (57,64,71) (65,70,75) (50,55,60) (6,7,8) (29,33,37) (20,21,22) (33,35,37) (59,62,65) (55,61,67) 
(82,89,96) (20,21,22) (61,61,61) (16,18,20) (73,77,81) (19,20,21) (41,42,43) (59,59,59) (77,79,81) (12,12,12) (53,56,59) (13,14,15) (19,21,23) (41,43,45) (79,89,99) (31,31,31) (62,71,80) (84,92,100) (47,47,47) (61,71,81) 
(57,61,65) (73,84,95) (3,3,3) (64,73,82) (30,35,40) (32,36,40) (74,79,84) (77,88,99) (50,54,58) (89,96,103) (20,22,24) (64,70,76) (9,10,11) (4,4,4) (68,76,84) (38,40,42) (81,85,89) (76,84,92) (89,93,97) (61,65,69) 
(63,68,73) (67,72,77) (67,74,81) (93,97,101) (63,63,63) (29,33,37) (85,96,107) (4,4,4) (55,63,71) (28,31,34) (1,1,1) (88,98,108) (34,39,44) (64,65,66) (62,72,82) (17,20,23) (6,7,8) (63,63,63) (31,33,35) (24,26,28) 
(37,41,45) (60,65,70) (30,34,38) (71,71,71) (17,19,21) (45,49,53) (77,87,97) (57,61,65) (78,79,80) (58,61,64) (26,29,32) (20,22,24) (64,74,84) (64,68,72) (59,60,61) (21,23,25) (72,82,92) (29,33,37) (87,94,101) (36,42,48) 
(17,17,17) (34,40,46) (39,40,41) (24,28,32) (6,6,6) (61,62,63) (72,83,94) (85,95,105) (41,44,47) (81,91,101) (76,79,82) (39,39,39) (58,68,78) (76,79,82) (1,1,1) (19,20,21) (86,96,106) (54,62,70) (56,62,68) (70,70,70) 
(37,39,41) (79,89,99) (36,37,38) (7,7,7) (81,84,87) (52,60,68) (56,61,66) (64,73,82) (56,64,72) (63,73,83) (3,3,3) (75,75,75) (3,3,3) (47,48,49) (72,74,76) (65,67,69) (38,39,40) (29,32,35) (61,69,77) (24,25,26) 
(9,9,9) (79,83,87) (26,30,34) (3,3,3) (27,31,35) (84,93,102) (86,86,86) (47,49,51) (34,34,34) (84,91,98) (54,56,58) (80,80,80) (29,33,37) (73,77,81) (31,35,39) (58,63,68) (62,72,82) (43,46,49) (19,22,25) (64,73,82) 
(19,21,23) (40,46,52) (32,33,34) (51,54,57) (20,22,24) (62,64,66) (20,20,20) (67,76,85) (73,77,81) (93,97,101) (24,28,32) (46,54,62) (78,81,84) (92,95,98) (74,81,88) (66,72,78) (78,80,82) (75,75,75) (18,18,18) (73,81,89) 
(51,52,53) (26,30,34) (38,38,38) (62,70,78) (22,22,22) (13,15,17) (61,66,71) (25,26,27) (47,55,63) (34,34,34) (13,13,13) (56,65,74) (84,87,90) (33,38,43) (81,85,89) (87,89,91) (76,77,78) (21,22,23) (63,67,71) (41,44,47) 
(54,63,72) (90,95,100) (17,18,19) (89,94,99) (69,73,77) (44,51,58) (35,35,35) (56,57,58) (34,38,42) (62,65,68) (66,69,72) (51,60,69) (78,90,102) (60,68,76) (32,32,32) (34,40,46) (10,11,12) (69,75,81) (94,97,100) (51,51,51) 
(67,68,69) (35,37,39) (34,39,44) (12,13,14) (65,76,87) (71,77,83) (6,6,6) (6,6,6) (46,53,60) (36,41,46) (71,72,73) (65,71,77) (46,46,46) (21,24,27) (45,46,47) (48,50,52) (11,12,13) (34,39,44) (91,92,93) (46,54,62) 
(93,93,93) (81,95,109) (8,8,8) (27,27,27) (47,53,59) (65,75,85) (3,3,3) (42,42,42) (5,5,5) (21,24,27) (69,73,77) (77,88,99) (50,57,64) (19,20,21) (95,99,103) (38,39,40) (66,74,82) (70,75,80) (38,44,50) (24,24,24) 
(82,83,84) (13,14,15) (61,66,71) (84,96,108) (11,11,11) (36,36,36) (17,20,23) (5,5,5) (71,72,73) (37,38,39) (70,79,88) (10,10,10) (23,27,31) (27,27,27) (90,90,90) (7,8,9) (75,83,91) (10,10,10) (54,61,68) (61,69,77) 
(22,22,22) (54,56,58) (51,54,57) (50,50,50) (48,51,54) (8,9,10) (15,15,15) (33,36,39) (17,20,23) (69,79,89) (44,51,58) (79,84,89) (40,40,40) (55,59,63) (48,48,48) (27,27,27) (65,65,65) (38,44,50) (34,40,46) (78,83,88) 
(5,5,5) (66,75,84) (43,43,43) (17,17,17) (10,10,10) (83,92,101) (22,22,22) (32,36,40) (7,7,7) (66,71,76) (77,77,77) (62,70,78) (9,10,11) (22,24,26) (78,78,78) (68,77,86) (48,56,64) (42,42,42) (15,16,17) (42,48,54) 
(36,37,38) (95,96,97) (69,81,93) (11,12,13) (80,92,104) (74,86,98) (54,63,72) (77,88,99) (28,28,28) (54,57,60) (54,58,62) (20,23,26) (4,4,4) (81,95,109) (77,80,83) (11,12,13) (78,82,86) (52,53,54) (5,5,5) (65,75,85) 
(50,58,66) (54,59,64) (57,65,73) (76,78,80) (67,68,69) (43,50,57) (35,38,41) (85,97,109) (68,72,76) (91,94,97) (53,59,65) (42,42,42) (5,5,5) (19,19,19) (26,27,28) (46,54,62) (64,69,74) (2,2,2) (51,56,61) (45,51,57) 
(4,4,4) (6,7,8) (35,36,37) (31,35,39) (74,80,86) (93,95,97) (45,51,57) (52,59,66) (85,93,101) (5,5,5) (53,61,69) (4,4,4) (39,43,47) (30,30,30) (81,93,105) (73,76,79) (40,42,44) (88,99,110) (29,30,31) (44,46,48) 
(80,88,96) (64,75,86) (80,81,82) (38,40,42) (54,61,68) (90,94,98) (77,78,79) (24,24,24) (18,19,20) (43,44,45) (83,96,109) (22,23,24) (77,90,103) (93,94,95) (72,80,88) (83,97,111) (22,24,26) (43,44,45) (46,54,62) (47,52,57) 
(5,5,5) (95,99,103) (59,60,61) (75,87,99) (57,64,71) (34,36,38) (70,78,86) (29,32,35) (4,4,4) (18,18,18) (25,26,27) (82,87,92) (63,74,85) (26,26,26) (80,90,100) (40,45,50) (32,35,38) (49,54,59) (24,27,30) (23,23,23) 
(88,93,98) (95,95,95) (11,11,11) (14,14,14) (97,99,101) (80,86,92) (38,41,44) (23,26,29) (44,50,56) (67,74,81) (21,21,21) (6,6,6) (62,67,72) (83,87,91) (45,46,47) (72,84,96) (11,11,11) (83,89,95) (87,89,91) (63,66,69) 
(44,50,56) (66,71,76) (64,71,78) (5,5,5) (56,60,64) (25,29,33) (17,17,17) (28,29,30) (89,98,107) (61,61,61) (76,87,98) (53,58,63) (6,6,6) (59,60,61) (72,84,96) (80,92,104) (21,23,25) (23,25,27) (23,23,23) (49,57,65) 
(65,75,85) (52,60,68) (73,77,81) (41,48,55) (80,87,94) (50,52,54) (95,98,101) (8,8,8) (50,55,60) (89,97,105) (52,55,58) (61,68,75) (55,59,63) (90,90,90) (44,50,56) (97,98,99) (57,57,57) (41,43,45) (71,72,73) (32,35,38) 
(43,46,49) (22,22,22) (10,11,12) (45,49,53) (34,34,34) (28,30,32) (71,79,87) (65,72,79) (75,77,79) (47,47,47) (53,55,57) (60,63,66) (51,58,65) (88,89,90) (66,71,76) (82,94,106) (84,95,106) (13,13,13) (84,97,110) (44,46,48) 
(23,25,27) (87,98,109) (71,71,71) (68,68,68) (7,8,9) (64,72,80) (57,57,57) (36,39,42) (72,83,94) (16,17,18) (77,90,103) (31,31,31) (69,81,93) (6,6,6) (84,97,110) (89,98,107) (75,82,89) (77,82,87) (46,52,58) (82,82,82) 
(39,42,45) (72,77,82) (63,71,79) (17,19,21) (77,80,83) (28,31,34) (57,66,75) (84,90,96) (16,18,20) (13,15,17) (76,76,76) (53,58,63) (86,92,98) (30,34,38) (60,66,72) (8,8,8) (65,65,65) (61,67,73) (72,84,96) (39,42,45) 
(41,41,41) (36,42,48) (62,69,76) (73,81,89) (87,95,103) (15,16,17) (41,45,49) (47,52,57) (45,48,51) (32,35,38) (69,72,75) (70,80,90) (81,81,81) (4,4,4) (3,3,3) (4,4,4) (82,96,110) (52,53,54) (14,14,14) (77,80,83) 
(6,6,6) (6,6,6) (12,12,12) (82,86,90) (26,26,26) (46,52,58) (65,70,75) (85,93,101) (77,81,85) (30,31,32) (89,89,89) (93,99,105) (95,99,103) (68,71,74) (72,74,76) (6,7,8) (38,43,48) (83,86,89) (1,1,1) (88,93,98) 
(43,44,45) (48,54,60) (32,36,40) (35,40,45) (68,68,68) (46,49,52) (41,45,49) (57,58,59) (40,44,48) (63,65,67) (66,72,78) (56,65,74) (53,53,53) (45,48,51) (82,90,98) (98,98,98) (53,60,67) (69,71,73) (24,27,30) (44,48,52) 
(9,9,9) (15,16,17) (55,56,57) (25,27,29) (43,50,57) (50,57,64) (48,55,62) (79,87,95) (38,44,50) (40,47,54) (29,29,29) (80,82,84) (70,80,90) (38,43,48) (67,75,83) (10,10,10) (68,70,72) (33,38,43) (25,28,31) (2,2,2) 
(25,29,33) (91,91,91) (82,85,88) (45,51,57) (76,86,96) (34,34,34) (68,73,78) (12,12,12) (12,14,16) (48,51,54) (1,1,1) (36,38,40) (73,74,75) (90,92,94) (57,60,63) (40,43,46) (31,36,41) (21,23,25) (71,82,93) (30,30,30) 
(20,21,22) (92,97,102) (4,4,4) (80,85,90) (20,21,22) (47,55,63) (34,34,34) (59,62,65) (77,78,79) (11,11,11) (33,34,35) (17,17,17) (3,3,3) (38,43,48) (33,38,43) (39,44,49) (43,45,47) (16,17,18) (3,3,3) (83,83,83) 
(28,29,30) (6,6,6) (40,45,50) (14,15,16) (56,60,64) (25,29,33) (86,97,108) (87,91,95) (12,13,14) (7,8,9) (43,50,57) (45,46,47) (66,72,78) (79,86,93) (7,7,7) (30,30,30) (24,28,32) (12,13,14) (25,27,29) (41,42,43) 
(38,38,38) (10,10,10) (87,93,99) (6,6,6) (68,72,76) (38,38,38) (71,73,75) (82,88,94) (42,44,46) (57,66,75) (74,79,84) (44,47,50) (53,61,69) (6,6,6) (58,64,70) (16,18,20) (2,2,2) (6,6,6) (90,91,92) (36,37,38) 
(20,21,22) (19,20,21) (44,51,58) (91,96,101) (48,51,54) (38,42,46) (49,52,55) (37,37,37) (74,85,96) (16,18,20) (38,44,50) (60,60,60) (58,68,78) (3,3,3) (6,6,6) (19,20,21) (73,81,89) (84,96,108) (26,30,34) (8,9,10) 
(16,16,16) (49,54,59) (47,53,59) (54,57,60) (46,46,46) (76,84,92) (1,1,1) (74,76,78) (25,26,27) (7,7,7) (69,69,69) (84,88,92) (25,29,33) (69,73,77) (30,32,34) (48,51,54) (4,4,4) (71,74,77) (74,75,76) (68,75,82) 
(25,27,29) (48,54,60) (83,90,97) (23,25,27) (90,97,104) (64,68,72) (12,14,16) (49,54,59) (26,29,32) (12,14,16) (7,8,9) (1,1,1) (53,60,67) (13,13,13) (15,16,17) (39,41,43) (70,81,92) (31,35,39) (17,18,19) (69,79,89) 
(48,56,64) (7,7,7) (31,31,31) (52,55,58) (85,85,85) (30,35,40) (76,82,88) (60,63,66) (34,35,36) (50,54,58) (51,52,53) (73,77,81) (73,82,91) (84,94,104) (81,81,81) (25,25,25) (21,24,27) (50,56,62) (22,23,24) (68,79,90) 
(30,33,36) (45,50,55) (19,22,25) (67,70,73) (51,59,67) (49,51,53) (71,80,89) (80,84,88) (40,47,54) (86,88,90) (27,27,27) (18,18,18) (34,34,34) (42,47,52) (4,4,4) (38,41,44) (55,56,57) (42,42,42) (23,26,29) (61,66,71) 
(30,31,32) (76,83,90) (9,9,9) (33,34,35) (55,62,69) (80,83,86) (59,61,63) (35,41,47) (51,58,65) (89,96,103) (87,87,87) (18,18,18) (52,56,60) (2,2,2) (87,95,103) (19,21,23) (44,51,58) (13,13,13) (31,31,31) (86,96,106) 
(57,62,67) (85,95,105) (7,8,9) (3,3,3) (23,27,31) (17,19,21) (31,36,41) (83,97,111) (86,87,88) (53,62,71) (80,86,92) (18,21,24) (36,37,38) (10,11,12) (11,11,11) (65,67,69) (74,84,94) (34,34,34) (48,48,48) (96,97,98) 
