NUMBER OF JOBS
50
NUMBER OF RESOURCES
20
RESOURCE SEQUENCE
9 6 3 2 7 1 15 17 0 18 4 11 5 13 19 10 8 16 12 14 
2 6 13 14 8 18 7 11 9 19 1 15 17 5 12 16 0 4 10 3 
10 11 4 19 9 12 18 17 2 16 7 3 13 6 15 5 14 0 1 8 
9 0 13 2 3 7 4 6 16 10 17 15 8 12 19 18 5 1 11 14 
11 9 5 6 10 19 17 1 15 16 14 4 2 0 12 18 7 13 3 8 
4 8 9 3 15 19 12 17 0 13 6 10 5 14 11 2 18 7 16 1 
4 2 10 19 1 16 15 8 0 5 7 18 9 17 12 14 3 13 11 6 
10 9 2 7 5 11 3 18 12 13 8 4 19 16 15 6 14 1 17 0 
16 4 14 18 6 19 11 15 8 17 12 0 1 9 2 10 3 7 5 13 
12 6 2 11 3 5 15 7 10 1 18 8 0 19 4 17 16 9 14 13 
5 18 12 10 17 14 6 7 8 16 3 1 13 4 9 11 19 0 2 15 
16 14 3 2 7 10 1 13 11 19 0 9 4 5 6 18 17 8 12 15 
6 0 9 5 14 18 3 8 11 2 4 16 12 19 13 15 17 7 1 10 
1 10 14 7 0 6 5 18 12 2 13 15 16 11 9 17 4 19 3 8 
8 3 19 13 18 5 16 6 11 7 10 2 0 12 17 14 15 4 1 9 
9 6 4 0 18 14 2 19 3 5 17 7 13 1 16 11 8 12 10 15 
15 10 4 11 0 16 5 7 2 18 13 19 1 3 12 14 6 9 8 17 
11 6 1 9 15 0 16 10 8 3 13 5 7 17 18 12 2 4 19 14 
17 16 0 14 6 13 18 7 4 19 1 3 8 15 12 11 2 9 5 10 
5 3 18 0 7 2 11 6 8 4 1 14 16 9 12 15 10 17 19 13 
19 13 12 2 11 18 17 15 6 16 10 9 7 1 3 4 14 8 0 5 
14 6 7 1 13 11 2 3 12 4 0 8 16 17 5 10 19 18 9 15 
15 12 5 9 1 13 14 7 4 6 11 0 3 16 17 19 10 2 8 18 
14 3 0 18 19 8 4 9 13 11 12 10 6 1 7 15 17 2 16 5 
18 16 10 1 4 2 19 9 8 12 0 5 13 6 17 7 3 11 15 14 
5 17 10 4 0 9 18 8 11 3 16 15 19 7 14 12 13 1 6 2 
9 18 19 4 0 8 17 12 13 10 16 14 1 6 2 11 3 7 15 5 
16 0 12 8 1 13 10 3 19 6 9 18 4 2 7 15 5 17 14 11 
4 12 14 7 18 17 0 6 1 9 8 11 19 3 10 13 2 16 5 15 
4 3 8 1 17 9 14 11 5 15 10 16 18 13 2 0 6 19 7 12 
6 7 11 12 5 19 9 18 10 1 8 17 3 0 13 14 4 2 16 15 
18 15 17 12 16 19 10 8 14 9 3 1 6 11 2 0 7 5 13 4 
3 16 19 13 11 9 12 4 5 15 2 10 14 8 0 17 6 7 1 18 
5 2 13 17 16 12 11 8 9 1 3 10 15 19 14 18 7 6 4 0 
2 14 7 0 11 18 6 10 16 4 9 19 12 1 15 13 8 3 17 5 
9 18 17 11 15 16 6 19 1 2 10 5 14 12 13 4 3 8 7 0 
4 14 18 7 6 13 5 9 0 3 11 12 2 17 1 10 15 19 16 8 
5 8 17 9 10 16 13 7 2 6 18 19 15 0 14 4 12 11 1 3 
18 8 9 3 16 10 11 4 17 0 12 1 6 15 7 19 2 14 13 5 
1 11 15 7 16 4 3 0 13 10 6 9 14 5 2 8 17 12 19 18 
11 6 13 9 7 0 15 16 8 4 12 5 14 10 1 2 18 17 3 19 
13 15 3 18 14 1 11 16 8 7 9 0 4 6 12 17 2 10 19 5 
12 3 9 5 13 19 4 17 18 6 14 11 1 8 7 16 15 2 0 10 
5 4 17 9 3 16 10 2 0 13 14 11 12 6 1 7 18 15 8 19 
8 18 16 19 4 10 13 3 14 15 2 5 6 17 1 11 9 0 7 12 
14 1 5 17 15 6 12 10 3 7 9 18 11 4 13 8 16 0 19 2 
15 10 9 3 2 8 12 19 17 0 13 4 16 6 1 5 14 7 18 11 
10 1 3 7 14 0 5 11 15 12 4 17 16 6 13 9 19 8 18 2 
12 17 18 2 11 9 10 0 15 5 19 7 8 16 6 13 3 1 14 4 
0 7 9 18 19 14 6 8 1 4 17 12 10 13 16 2 5 11 3 15 
PROCESSING TIMES
(54,62,70) (3,3,3) (77,77,77) (40,45,50) (37,42,47) (74,77,80) (41,42,43) (68,78,88) (17,20,23) (78,81,84) (37,39,41) (82,91,100) (12,13,14) (46,53,60) (28,30,32) (90,95,100) (70,82,94) (62,70,78) (37,37,37) (47,55,63) 
(50,56,62) (79,90,101) (18,21,24) (43,43,43) (11,12,13) (80,94,108) (69,81,93) (50,58,66) (19,20,21) (82,83,84) (36,41,46) (81,84,87) (14,16,18) (6,6,6) (55,64,73) (61,63,65) (16,16,16) (12,12,12) (89,93,97) (35,39,43) 
(88,95,102) (14,15,16) (48,51,54) (46,53,60) (64,67,70) (46,53,60) (24,26,28) (35,40,45) (13,13,13) (34,39,44) (53,59,65) (89,90,91) (43,45,47) (34,36,38) (33,33,33) (67,76,85) (13,13,13) (72,72,72) (39,42,45) (50,56,62) 
(50,51,52) (71,82,93) (62,63,64) (63,66,69) (18,21,24) (57,66,75) (64,72,80) (33,35,37) (63,74,85) (51,60,69) (84,92,100) (26,28,30) (77,89,101) (54,58,62) (33,38,43) (13,14,15) (84,89,94) (15,17,19) (84,88,92) (13,14,15) 
(22,25,28) (33,38,43) (10,10,10) (64,71,78) (68,80,92) (36,41,46) (74,76,78) (88,92,96) (84,86,88) (32,33,34) (40,42,44) (80,90,100) (17,18,19) (15,17,19) (79,91,103) (24,24,24) (89,96,103) (76,82,88) (73,77,81) (75,83,91) 
(47,48,49) (21,21,21) (69,71,73) (89,94,99) (55,64,73) (65,67,69) (18,21,24) (2,2,2) (51,58,65) (37,38,39) (11,12,13) (10,11,12) (54,63,72) (26,27,28) (87,92,97) (60,64,68) (8,9,10) (48,50,52) (52,55,58) (13,15,17) 
(31,33,35) (95,99,103) (42,49,56) (63,66,69) (68,77,86) (81,88,95) (41,42,43) (7,8,9) (59,64,69) (2,2,2) (78,86,94) (68,72,76) (24,26,28) (79,86,93) (49,51,53) (1,1,1) (39,40,41) (29,33,37) (63,74,85) (6,6,6) 
(44,45,46) (80,83,86) (50,54,58) (19,19,19) (61,70,79) (14,16,18) (69,74,79) (23,27,31) (72,84,96) (12,13,14) (6,6,6) (97,97,97) (40,47,54) (82,87,92) (28,31,34) (34,34,34) (32,37,42) (67,76,85) (30,31,32) (34,37,40) 
(57,62,67) (83,96,109) (7,7,7) (72,84,96) (68,70,72) (28,31,34) (32,35,38) (34,37,40) (88,99,110) (55,64,73) (50,53,56) (37,39,41) (63,67,71) (18,20,22) (14,15,16) (51,53,55) (83,83,83) (22,25,28) (61,65,69) (74,78,82) 
(93,96,99) (24,24,24) (85,88,91) (61,61,61) (10,10,10) (73,77,81) (42,46,50) (47,49,51) (81,91,101) (41,41,41) (32,37,42) (63,69,75) (37,37,37) (73,85,97) (13,14,15) (29,34,39) (72,83,94) (26,30,34) (33,37,41) (4,4,4) 
(27,29,31) (39,44,49) (51,55,59) (48,51,54) (45,49,53) (39,43,47) (1,1,1) (28,32,36) (88,99,110) (47,49,51) (80,84,88) (48,53,58) (54,57,60) (38,40,42) (10,10,10) (54,58,62) (71,78,85) (26,27,28) (34,34,34) (28,32,36) 
(5,5,5) (86,97,108) (32,37,42) (57,63,69) (59,66,73) (34,40,46) (94,95,96) (44,51,58) (7,8,9) (31,35,39) (63,63,63) (16,17,18) (80,88,96) (13,15,17) (31,33,35) (10,11,12) (10,10,10) (74,84,94) (50,55,60) (25,28,31) 
(19,20,21) (7,7,7) (22,23,24) (22,24,26) (10,11,12) (33,38,43) (53,56,59) (72,73,74) (20,22,24) (25,29,33) (11,12,13) (80,86,92) (1,1,1) (20,23,26) (6,6,6) (45,45,45) (61,70,79) (25,25,25) (1,1,1) (69,79,89) 
(57,58,59) (53,62,71) (49,55,61) (73,79,85) (48,55,62) (26,27,28) (77,77,77) (12,13,14) (51,53,55) (30,31,32) (10,11,12) (71,81,91) (6,7,8) (94,94,94) (11,11,11) (75,84,93) (5,5,5) (65,67,69) (19,19,19) (23,24,25) 
(64,74,84) (24,26,28) (79,90,101) (64,73,82) (24,28,32) (16,16,16) (30,30,30) (67,69,71) (42,43,44) (46,48,50) (61,67,73) (81,91,101) (3,3,3) (1,1,1) (89,93,97) (49,52,55) (39,41,43) (27,31,35) (46,54,62) (51,57,63) 
(58,58,58) (1,1,1) (87,92,97) (83,83,83) (92,99,106) (62,64,66) (7,7,7) (19,22,25) (28,29,30) (43,48,53) (64,70,76) (59,69,79) (56,60,64) (45,51,57) (52,59,66) (18,19,20) (22,25,28) (65,67,69) (63,67,71) (65,71,77) 
(5,5,5) (45,46,47) (19,19,19) (59,67,75) (39,41,43) (8,8,8) (44,51,58) (10,11,12) (65,67,69) (66,68,70) (43,46,49) (15,16,17) (18,18,18) (12,12,12) (11,11,11) (10,11,12) (66,67,68) (2,2,2) (5,5,5) (87,99,111) 
(47,47,47) (31,35,39) (56,57,58) (59,69,79) (91,99,107) (15,16,17) (79,91,103) (36,36,36) (13,14,15) (50,58,66) (10,10,10) (80,91,102) (61,64,67) (43,44,45) (78,79,80) (62,66,70) (30,31,32) (10,10,10) (48,56,64) (7,7,7) 
(43,45,47) (3,3,3) (54,57,60) (42,44,46) (29,34,39) (27,27,27) (73,74,75) (78,88,98) (31,32,33) (4,4,4) (93,98,103) (22,25,28) (6,7,8) (65,73,81) (45,46,47) (12,14,16) (57,66,75) (80,87,94) (53,55,57) (6,6,6) 
(66,66,66) (28,28,28) (4,4,4) (66,69,72) (38,44,50) (51,58,65) (74,86,98) (59,64,69) (14,16,18) (17,19,21) (9,9,9) (23,25,27) (26,26,26) (55,64,73) (44,45,46) (10,10,10) (83,95,107) (86,99,112) (46,46,46) (68,79,90) 
(30,30,30) (8,9,10) (37,37,37) (83,85,87) (60,69,78) (19,22,25) (23,23,23) (84,97,110) (47,50,53) (31,36,41) (11,12,13) (10,10,10) (41,43,45) (1,1,1) (32,33,34) (6,7,8) (14,15,16) (39,45,51) (28,28,28) (3,3,3) 
(44,44,44) (54,59,64) (85,92,99) (27,31,35) (67,69,71) (53,53,53) (55,63,71) (92,94,96) (71,74,77) (47,53,59) (67,67,67) (21,24,27) (9,9,9) (31,31,31) (78,84,90) (45,50,55) (18,19,20) (70,78,86) (3,3,3) (35,39,43) 
(46,46,46) (11,11,11) (56,59,62) (27,27,27) (75,79,83) (76,86,96) (49,51,53) (43,47,51) (19,22,25) (14,16,18) (21,24,27) (75,80,85) (5,5,5) (56,57,58) (73,79,85) (42,42,42) (46,46,46) (99,99,99) (42,49,56) (47,54,61) 
(17,18,19) (33,37,41) (18,18,18) (75,76,77) (30,30,30) (79,88,97) (69,69,69) (17,19,21) (27,29,31) (38,41,44) (58,58,58) (7,8,9) (32,37,42) (16,17,18) (23,23,23) (83,94,105) (79,92,105) (1,1,1) (79,79,79) (32,34,36) 
(26,29,32) (83,85,87) (90,91,92) (37,43,49) (56,65,74) (6,6,6) (60,69,78) (4,4,4) (80,94,108) (63,72,81) (67,76,85) (83,83,83) (20,21,22) (42,45,48) (9,10,11) (72,84,96) (48,50,52) (65,74,83) (38,39,40) (53,55,57) 
(58,67,76) (65,76,87) (83,91,99) (60,69,78) (13,13,13) (71,72,73) (84,98,112) (15,16,17) (70,79,88) (36,38,40) (74,76,78) (63,70,77) (30,30,30) (83,85,87) (90,93,96) (34,39,44) (3,3,3) (36,39,42) (81,88,95) (76,87,98) 
(78,90,102) (75,78,81) (54,61,68) (57,61,65) (33,34,35) (4,4,4) (46,52,58) (52,59,66) (18,20,22) (25,29,33) (6,6,6) (55,60,65) (93,93,93) (82,95,108) (53,55,57) (12,12,12) (82,92,102) (21,22,23) (2,2,2) (86,91,96) 
(58,63,68) (73,85,97) (75,76,77) (68,72,76) (36,40,44) (40,42,44) (4,4,4) (65,66,67) (63,63,63) (75,81,87) (8,8,8) (53,61,69) (32,33,34) (84,98,112) (93,94,95) (89,98,107) (30,35,40) (80,90,100) (57,59,61) (23,27,31) 
(85,95,105) (5,5,5) (87,91,95) (1,1,1) (51,52,53) (75,87,99) (50,56,62) (78,83,88) (48,54,60) (13,15,17) (55,55,55) (10,10,10) (19,20,21) (63,73,83) (58,59,60) (27,30,33) (12,14,16) (6,6,6) (43,48,53) (26,28,30) 
(3,3,3) (83,93,103) (12,12,12) (63,66,69) (19,19,19) (82,85,88) (64,66,68) (94,96,98) (68,74,80) (68,73,78) (18,21,24) (54,62,70) (83,91,99) (95,97,99) (56,61,66) (59,62,65) (92,95,98) (12,13,14) (31,33,35) (58,62,66) 
(53,54,55) (65,68,71) (39,44,49) (4,4,4) (58,62,66) (77,86,95) (80,85,90) (37,42,47) (55,55,55) (67,69,71) (60,67,74) (71,71,71) (70,79,88) (60,66,72) (1,1,1) (12,12,12) (57,66,75) (81,94,107) (37,41,45) (38,43,48) 
(23,23,23) (22,25,28) (18,21,24) (13,15,17) (61,64,67) (6,6,6) (83,96,109) (63,68,73) (55,58,61) (73,75,77) (66,66,66) (52,57,62) (79,85,91) (53,56,59) (22,24,26) (31,34,37) (64,64,64) (1,1,1) (72,82,92) (70,71,72) 
(42,42,42) (92,97,102) (64,65,66) (47,51,55) (1,1,1) (15,16,17) (74,74,74) (50,54,58) (79,87,95) (38,38,38) (45,48,51) (48,54,60) (40,44,48) (50,51,52) (48,48,48) (72,74,76) (78,82,86) (52,59,66) (46,46,46) (55,60,65) 
(52,60,68) (44,50,56) (83,86,89) (6,7,8) (10,10,10) (11,12,13) (45,50,55) (67,67,67) (65,65,65) (38,41,44) (41,47,53) (59,59,59) (40,43,46) (1,1,1) (84,97,110) (63,67,71) (69,81,93) (34,34,34) (23,27,31) (34,39,44) 
(6,7,8) (48,52,56) (76,81,86) (51,58,65) (4,4,4) (53,53,53) (80,86,92) (30,32,34) (48,54,60) (34,38,42) (69,71,73) (39,43,47) (50,58,66) (52,56,60) (54,63,72) (63,73,83) (54,54,54) (51,56,61) (32,34,36) (31,35,39) 
(89,99,109) (29,31,33) (90,90,90) (61,67,73) (63,73,83) (68,74,80) (69,69,69) (25,29,33) (83,92,101) (78,86,94) (82,90,98) (67,72,77) (5,5,5) (19,21,23) (10,11,12) (3,3,3) (3,3,3) (27,29,31) (25,27,29) (37,39,41) 
(66,75,84) (71,71,71) (76,89,102) (30,31,32) (39,39,39) (67,70,73) (5,5,5) (58,60,62) (13,13,13) (32,32,32) (19,22,25) (1,1,1) (52,56,60) (49,53,57) (80,84,88) (45,47,49) (91,91,91) (80,85,90) (14,14,14) (10,10,10) 
(55,56,57) (80,94,108) (41,47,53) (78,81,84) (20,21,22) (82,84,86) (88,98,108) (5,5,5) (68,76,84) (6,6,6) (55,62,69) (40,40,40) (54,58,62) (17,18,19) (95,97,99) (81,89,97) (18,18,18) (44,48,52) (38,44,50) (48,48,48) 
(43,45,47) (50,55,60) (13,13,13) (13,15,17) (93,96,99) (17,19,21) (17,18,19) (5,5,5) (60,62,64) (70,76,82) (59,61,63) (13,14,15) (19,22,25) (20,23,26) (3,3,3) (70,80,90) (84,92,100) (74,86,98) (74,87,100) (23,23,23) 
(10,10,10) (61,70,79) (5,5,5) (34,38,42) (38,42,46) (63,64,65) (96,99,102) (24,28,32) (27,30,33) (70,82,94) (92,92,92) (62,64,66) (32,36,40) (49,56,63) (11,11,11) (73,78,83) (2,2,2) (18,18,18) (28,32,36) (51,54,57) 
(83,88,93) (80,82,84) (27,27,27) (51,53,55) (39,42,45) (46,53,60) (6,6,6) (74,80,86) (48,55,62) (95,95,95) (79,83,87) (63,66,69) (11,11,11) (67,69,71) (76,89,102) (78,79,80) (48,50,52) (7,7,7) (30,31,32) (45,46,47) 
(30,30,30) (6,6,6) (56,64,72) (29,33,37) (36,41,46) (33,35,37) (87,92,97) (65,65,65) (52,54,56) (60,68,76) (48,52,56) (13,13,13) (6,6,6) (31,36,41) (67,75,83) (57,59,61) (37,41,45) (89,97,105) (21,24,27) (75,77,79) 
(64,70,76) (43,46,49) (31,32,33) (34,34,34) (57,67,77) (9,10,11) (30,32,34) (32,32,32) (5,5,5) (4,4,4) (41,41,41) (13,13,13) (23,24,25) (13,13,13) (14,14,14) (83,85,87) (34,36,38) (18,18,18) (1,1,1) (20,23,26) 
(40,43,46) (31,33,35) (14,16,18) (82,91,100) (74,87,100) (5,5,5) (73,74,75) (41,43,45) (78,81,84) (22,23,24) (46,54,62) (79,83,87) (5,5,5) (64,68,72) (41,45,49) (80,85,90) (7,7,7) (38,44,50) (80,90,100) (85,97,109) 
(64,64,64) (84,98,112) (44,47,50) (15,16,17) (66,76,86) (43,50,57) (52,61,70) (61,62,63) (80,88,96) (33,37,41) (84,89,94) (18,18,18) (34,38,42) (10,10,10) (1,1,1) (34,36,38) (10,10,10) (41,41,41) (50,52,54) (48,55,62) 
(74,78,82) (82,89,96) (71,76,81) (48,50,52) (88,89,90) (62,68,74) (44,48,52) (1,1,1) (68,77,86) (92,99,106) (43,46,49) (47,50,53) (76,81,86) (16,18,20) (55,60,65) (59,65,71) (32,37,42) (7,8,9) (41,47,53) (31,31,31) 
(52,56,60) (62,65,68) (13,15,17) (12,13,14) (37,40,43) (40,46,52) (63,74,85) (32,34,36) (1,1,1) (56,56,56) (2,2,2) (91,96,101) (12,12,12) (15,17,19) (18,20,22) (18,19,20) (45,46,47) (91,97,103) (74,75,76) (69,73,77) 
(10,11,12) (77,86,95) (80,80,80) (8,8,8) (64,72,80) (13,15,17) (8,8,8) (66,77,88) (22,24,26) (71,78,85) (47,53,59) (28,29,30) (12,13,14) (64,66,68) (57,64,71) (56,58,60) (17,19,21) (18,18,18) (45,45,45) (5,5,5) 
(96,97,98) (73,73,73) (12,13,14) (32,34,36) (5,5,5) (82,84,86) (60,60,60) (19,22,25) (37,40,43) (3,3,3) (8,8,8) (59,64,69) (23,23,23) (64,66,68) (3,3,3) (31,35,39) (59,61,63) (7,7,7) (28,32,36) (38,44,50) 
(31,33,35) (16,16,16) (52,52,52) (67,72,77) (50,54,58) (60,67,74) (61,71,81) (39,41,43) (55,55,55) (29,32,35) (37,41,45) (24,27,30) (48,54,60) (63,72,81) (1,1,1) (12,14,16) (5,5,5) (12,13,14) (73,85,97) (20,20,20) 
