NUMBER OF JOBS
50
NUMBER OF RESOURCES
20
RESOURCE SEQUENCE
15 2 17 11 3 19 5 14 7 10 18 1 12 9 13 4 6 16 0 8 
10 18 14 1 9 6 5 16 11 19 0 4 3 2 15 17 7 13 8 12 
16 12 8 3 6 9 18 19 4 10 13 11 5 14 15 1 0 17 2 7 
8 12 6 19 4 5 14 2 11 16 18 10 0 17 9 13 1 7 15 3 
18 16 17 3 8 14 15 5 1 9 19 13 11 0 2 6 4 12 10 7 
7 3 12 16 10 18 6 4 9 19 15 11 0 17 2 5 14 13 8 1 
18 19 7 5 10 16 15 6 13 17 1 2 14 12 3 9 4 8 11 0 
15 13 8 19 6 11 3 0 18 9 16 1 2 12 7 4 14 10 5 17 
1 0 18 6 17 16 5 13 10 15 9 19 4 12 14 2 3 8 7 11 
18 2 17 0 5 1 13 9 10 11 7 6 12 14 3 15 8 16 4 19 
10 1 5 3 19 2 4 18 15 13 6 12 9 0 7 8 11 14 17 16 
11 14 6 2 9 4 0 1 8 7 18 13 19 15 16 17 3 5 12 10 
16 0 13 11 2 8 5 9 4 7 15 14 18 10 12 19 3 6 1 17 
7 0 13 5 14 9 3 15 4 8 11 12 19 17 16 2 1 6 10 18 
3 11 10 6 8 5 17 9 14 12 2 16 18 7 1 15 19 4 13 0 
13 14 17 11 16 5 2 3 6 1 18 9 15 12 0 4 19 8 10 7 
8 13 10 7 9 12 2 14 6 18 11 1 4 19 17 3 0 16 5 15 
7 16 2 6 3 5 1 0 9 13 14 12 18 4 10 11 15 19 17 8 
17 7 1 16 18 9 10 11 6 2 15 5 3 19 14 12 4 13 8 0 
12 6 16 11 8 14 0 19 1 2 10 3 18 17 7 9 13 5 15 4 
13 3 7 1 6 19 16 11 14 17 2 18 4 10 8 15 0 5 9 12 
1 12 18 5 19 2 14 17 10 3 9 4 13 11 0 6 15 7 8 16 
6 4 8 11 17 13 5 12 1 9 15 10 2 0 19 3 16 18 14 7 
4 7 5 19 12 9 15 1 17 6 16 18 14 0 13 3 10 11 2 8 
10 2 0 13 4 16 12 1 7 15 5 9 3 6 18 14 17 8 11 19 
11 14 7 16 3 10 6 13 4 2 0 15 5 18 1 9 17 8 12 19 
4 16 8 3 0 17 5 12 2 7 9 18 14 10 13 19 11 6 1 15 
16 5 7 10 8 17 14 0 13 18 15 12 1 6 11 19 2 4 9 3 
12 8 7 17 2 4 9 18 1 5 10 13 11 19 0 15 14 16 6 3 
15 3 16 19 6 11 8 0 12 5 9 4 18 1 7 13 2 10 17 14 
13 9 1 0 8 11 5 10 17 18 16 2 14 19 4 3 7 6 12 15 
11 16 4 17 18 6 3 13 12 19 14 15 1 7 0 5 9 10 8 2 
1 3 9 0 5 17 8 7 13 11 18 10 16 4 6 2 12 19 15 14 
15 0 10 4 2 8 6 12 13 7 18 3 16 11 14 5 19 17 1 9 
7 3 13 1 12 2 9 15 8 14 6 10 11 4 0 18 5 16 17 19 
18 6 3 9 10 13 12 5 7 19 15 1 8 17 11 4 0 14 2 16 
15 13 4 0 2 10 3 8 19 9 17 11 18 6 1 7 5 16 12 14 
7 19 18 16 8 12 4 6 0 14 9 2 15 5 3 1 13 10 11 17 
17 7 19 16 2 13 18 11 0 1 3 10 15 6 9 4 8 12 14 5 
9 18 2 4 1 10 17 5 0 8 3 15 12 6 16 11 19 7 14 13 
7 18 1 9 5 13 16 11 19 14 2 15 3 17 8 12 6 4 0 10 
5 4 10 16 7 1 2 11 0 13 8 14 6 19 3 18 9 17 15 12 
2 13 10 6 1 15 18 7 12 19 11 3 5 16 0 14 8 17 4 9 
2 13 17 0 19 7 12 6 10 3 1 18 4 11 16 8 14 5 15 9 
7 5 14 16 1 17 15 6 8 12 4 18 2 11 19 10 0 9 13 3 
11 16 2 7 19 3 14 4 6 8 5 17 10 15 12 13 9 1 0 18 
2 15 4 18 3 12 6 9 19 8 5 0 13 10 7 11 14 16 17 1 
18 17 19 1 3 14 13 15 8 0 5 7 10 12 4 11 9 6 2 16 
17 4 6 16 15 11 12 8 10 1 2 3 7 13 14 5 0 9 18 19 
7 15 6 3 12 9 8 0 2 18 17 11 10 16 5 4 13 14 1 19 
PROCESSING TIMES
(32,37,42) (64,64,64) (13,15,17) (46,52,58) (68,71,74) (37,38,39) (47,53,59) (61,70,79) (73,76,79) (72,76,80) (55,61,67) (9,10,11) (44,51,58) (55,59,63) (12,12,12) (63,74,85) (54,61,68) (51,52,53) (58,68,78) (17,19,21) 
(69,79,89) (62,71,80) (32,32,32) (16,18,20) (8,9,10) (85,99,113) (73,85,97) (89,94,99) (41,41,41) (1,1,1) (16,18,20) (94,98,102) (2,2,2) (42,47,52) (49,57,65) (42,44,46) (25,25,25) (47,48,49) (12,12,12) (22,24,26) 
(47,50,53) (51,55,59) (24,25,26) (21,24,27) (42,43,44) (55,64,73) (37,40,43) (33,37,41) (28,30,32) (62,71,80) (58,64,70) (13,13,13) (32,33,34) (25,26,27) (42,42,42) (56,64,72) (54,55,56) (75,76,77) (16,17,18) (7,8,9) 
(31,31,31) (19,22,25) (38,38,38) (9,9,9) (74,84,94) (58,68,78) (31,35,39) (89,94,99) (68,79,90) (68,79,90) (36,40,44) (37,39,41) (8,9,10) (34,36,38) (71,82,93) (37,39,41) (32,33,34) (38,43,48) (83,86,89) (69,74,79) 
(15,17,19) (64,73,82) (52,55,58) (27,30,33) (24,28,32) (31,35,39) (71,72,73) (29,30,31) (49,50,51) (3,3,3) (80,84,88) (69,72,75) (4,4,4) (65,73,81) (51,54,57) (13,15,17) (55,64,73) (43,43,43) (9,10,11) (74,80,86) 
(52,55,58) (12,13,14) (63,64,65) (94,94,94) (87,89,91) (20,21,22) (27,31,35) (80,82,84) (46,54,62) (14,16,18) (8,8,8) (85,99,113) (61,70,79) (19,22,25) (86,89,92) (62,65,68) (53,56,59) (85,92,99) (14,15,16) (72,77,82) 
(36,41,46) (4,4,4) (39,42,45) (77,81,85) (70,82,94) (54,56,58) (70,79,88) (90,97,104) (45,47,49) (84,91,98) (44,48,52) (78,86,94) (26,28,30) (73,80,87) (82,89,96) (87,91,95) (43,44,45) (57,67,77) (57,67,77) (52,53,54) 
(26,27,28) (89,96,103) (42,43,44) (20,23,26) (43,50,57) (73,78,83) (40,46,52) (12,13,14) (47,54,61) (20,20,20) (32,37,42) (21,22,23) (12,13,14) (53,53,53) (4,4,4) (46,53,60) (6,7,8) (52,53,54) (51,56,61) (4,4,4) 
(26,28,30) (72,83,94) (62,63,64) (65,76,87) (2,2,2) (11,11,11) (14,16,18) (51,55,59) (71,78,85) (49,55,61) (66,77,88) (30,32,34) (26,27,28) (44,46,48) (16,17,18) (42,45,48) (38,40,42) (94,94,94) (9,10,11) (12,12,12) 
(56,59,62) (79,81,83) (84,85,86) (84,87,90) (37,37,37) (29,30,31) (31,32,33) (9,10,11) (68,72,76) (89,99,109) (23,23,23) (28,32,36) (25,27,29) (32,32,32) (66,77,88) (6,6,6) (56,60,64) (74,85,96) (69,79,89) (57,66,75) 
(79,89,99) (8,8,8) (75,85,95) (46,49,52) (50,54,58) (12,13,14) (30,32,34) (29,33,37) (48,53,58) (72,76,80) (79,83,87) (68,75,82) (28,29,30) (75,79,83) (61,65,69) (47,50,53) (34,37,40) (18,18,18) (36,36,36) (40,46,52) 
(45,51,57) (5,5,5) (6,6,6) (56,64,72) (30,33,36) (12,14,16) (36,42,48) (12,12,12) (79,92,105) (59,68,77) (83,94,105) (29,29,29) (81,89,97) (36,40,44) (9,10,11) (39,43,47) (7,8,9) (82,82,82) (77,88,99) (79,86,93) 
(6,7,8) (80,85,90) (12,12,12) (54,56,58) (55,61,67) (6,6,6) (71,77,83) (56,64,72) (37,40,43) (13,13,13) (79,86,93) (34,38,42) (77,89,101) (91,98,105) (36,42,48) (92,93,94) (75,86,97) (95,97,99) (29,33,37) (22,22,22) 
(75,86,97) (41,45,49) (91,99,107) (70,80,90) (8,8,8) (76,76,76) (36,42,48) (14,14,14) (77,81,85) (76,85,94) (77,88,99) (15,16,17) (48,48,48) (22,23,24) (24,27,30) (47,49,51) (42,42,42) (5,5,5) (59,61,63) (23,26,29) 
(33,36,39) (52,60,68) (70,80,90) (29,34,39) (30,30,30) (52,53,54) (88,91,94) (2,2,2) (86,89,92) (30,31,32) (55,61,67) (31,35,39) (66,69,72) (26,28,30) (16,16,16) (60,70,80) (75,88,101) (1,1,1) (87,97,107) (33,33,33) 
(46,48,50) (21,21,21) (59,64,69) (48,50,52) (79,79,79) (23,26,29) (19,20,21) (10,11,12) (15,16,17) (3,3,3) (52,61,70) (27,29,31) (85,97,109) (58,66,74) (89,98,107) (44,51,58) (52,54,56) (48,50,52) (87,96,105) (32,33,34) 
(59,61,63) (14,16,18) (29,30,31) (29,30,31) (83,96,109) (30,35,40) (19,20,21) (61,63,65) (56,61,66) (14,15,16) (44,45,46) (63,63,63) (66,66,66) (55,61,67) (69,70,71) (65,75,85) (89,89,89) (87,97,107) (17,17,17) (51,60,69) 
(71,78,85) (38,41,44) (8,9,10) (8,8,8) (25,26,27) (60,69,78) (53,55,57) (26,30,34) (7,7,7) (27,27,27) (58,59,60) (31,33,35) (17,18,19) (72,77,82) (49,57,65) (85,90,95) (23,24,25) (39,41,43) (6,6,6) (67,71,75) 
(52,61,70) (27,27,27) (46,46,46) (27,30,33) (44,46,48) (14,15,16) (21,24,27) (86,99,112) (39,44,49) (1,1,1) (16,16,16) (10,11,12) (13,15,17) (35,38,41) (52,54,56) (13,13,13) (72,73,74) (65,68,71) (73,85,97) (47,54,61) 
(12,14,16) (31,33,35) (57,65,73) (85,97,109) (73,74,75) (50,55,60) (18,18,18) (65,76,87) (72,74,76) (67,70,73) (69,78,87) (13,15,17) (40,40,40) (19,22,25) (56,56,56) (58,68,78) (31,31,31) (52,53,54) (17,19,21) (77,89,101) 
(60,61,62) (84,97,110) (86,92,98) (56,64,72) (78,89,100) (49,51,53) (65,68,71) (79,83,87) (19,21,23) (5,5,5) (5,5,5) (80,85,90) (57,67,77) (92,94,96) (96,97,98) (65,71,77) (36,39,42) (51,58,65) (29,30,31) (82,82,82) 
(72,82,92) (20,20,20) (79,82,85) (12,14,16) (71,71,71) (79,91,103) (61,61,61) (19,19,19) (62,67,72) (70,78,86) (50,53,56) (50,56,62) (35,40,45) (51,51,51) (45,46,47) (89,95,101) (38,38,38) (12,12,12) (8,9,10) (87,90,93) 
(89,97,105) (80,90,100) (29,34,39) (86,99,112) (27,28,29) (83,84,85) (60,65,70) (57,57,57) (29,29,29) (87,87,87) (12,13,14) (20,23,26) (48,51,54) (77,88,99) (36,36,36) (7,7,7) (34,34,34) (16,18,20) (59,59,59) (84,96,108) 
(18,19,20) (79,85,91) (91,91,91) (27,30,33) (59,69,79) (2,2,2) (88,96,104) (21,21,21) (72,81,90) (28,32,36) (79,79,79) (43,46,49) (82,92,102) (86,88,90) (3,3,3) (20,20,20) (46,53,60) (18,21,24) (50,57,64) (17,20,23) 
(8,9,10) (5,5,5) (44,50,56) (26,26,26) (64,67,70) (60,64,68) (29,34,39) (63,73,83) (28,29,30) (50,56,62) (7,7,7) (68,70,72) (47,54,61) (40,47,54) (74,82,90) (26,30,34) (17,17,17) (91,92,93) (2,2,2) (20,23,26) 
(37,41,45) (70,79,88) (68,72,76) (86,88,90) (1,1,1) (58,64,70) (98,99,100) (32,32,32) (53,55,57) (68,80,92) (26,28,30) (80,87,94) (57,65,73) (31,36,41) (69,72,75) (5,5,5) (12,13,14) (52,56,60) (32,32,32) (63,72,81) 
(49,56,63) (77,85,93) (46,52,58) (59,64,69) (60,60,60) (70,81,92) (43,44,45) (41,43,45) (8,9,10) (4,4,4) (58,61,64) (23,24,25) (57,62,67) (48,56,64) (17,17,17) (9,9,9) (26,29,32) (43,45,47) (62,63,64) (7,7,7) 
(60,64,68) (66,68,70) (81,94,107) (44,46,48) (14,16,18) (10,10,10) (73,81,89) (17,19,21) (81,91,101) (73,75,77) (82,95,108) (19,21,23) (48,50,52) (81,82,83) (2,2,2) (64,73,82) (49,55,61) (88,93,98) (35,39,43) (31,35,39) 
(69,69,69) (61,65,69) (24,25,26) (44,51,58) (28,28,28) (67,76,85) (1,1,1) (3,3,3) (6,6,6) (66,74,82) (10,11,12) (54,59,64) (81,91,101) (10,10,10) (33,35,37) (8,8,8) (26,27,28) (34,35,36) (28,28,28) (90,97,104) 
(38,41,44) (39,45,51) (47,53,59) (12,13,14) (90,92,94) (52,56,60) (40,42,44) (47,48,49) (57,67,77) (91,97,103) (75,80,85) (56,57,58) (76,80,84) (9,10,11) (84,90,96) (24,26,28) (64,68,72) (31,35,39) (83,84,85) (96,99,102) 
(39,43,47) (68,68,68) (24,28,32) (69,76,83) (32,32,32) (17,20,23) (77,89,101) (25,28,31) (41,46,51) (17,17,17) (35,41,47) (28,32,36) (32,37,42) (31,32,33) (41,48,55) (43,47,51) (31,32,33) (2,2,2) (26,26,26) (37,37,37) 
(75,83,91) (7,8,9) (5,5,5) (23,24,25) (62,69,76) (64,69,74) (93,93,93) (47,54,61) (89,90,91) (15,15,15) (60,63,66) (70,71,72) (76,84,92) (72,78,84) (62,62,62) (78,84,90) (90,99,108) (81,82,83) (28,30,32) (46,51,56) 
(62,69,76) (63,64,65) (75,75,75) (23,23,23) (89,93,97) (41,48,55) (11,11,11) (17,18,19) (78,89,100) (85,96,107) (68,70,72) (86,99,112) (50,52,54) (63,70,77) (21,23,25) (85,85,85) (50,50,50) (75,81,87) (15,17,19) (5,5,5) 
(86,87,88) (51,55,59) (41,48,55) (80,85,90) (15,17,19) (79,79,79) (63,73,83) (17,19,21) (20,22,24) (34,37,40) (12,12,12) (17,19,21) (9,9,9) (5,5,5) (4,4,4) (79,85,91) (82,88,94) (41,46,51) (9,10,11) (4,4,4) 
(83,86,89) (33,36,39) (78,90,102) (59,63,67) (41,48,55) (4,4,4) (13,15,17) (15,15,15) (14,15,16) (37,39,41) (65,73,81) (80,89,98) (54,58,62) (80,80,80) (65,71,77) (46,54,62) (23,25,27) (41,41,41) (73,84,95) (66,73,80) 
(38,42,46) (44,48,52) (82,88,94) (65,71,77) (61,68,75) (24,25,26) (31,33,35) (84,88,92) (55,62,69) (51,51,51) (42,49,56) (74,76,78) (22,22,22) (45,47,49) (61,63,65) (58,61,64) (16,16,16) (9,10,11) (87,94,101) (43,47,51) 
(31,32,33) (39,41,43) (99,99,99) (45,48,51) (79,82,85) (50,52,54) (45,46,47) (57,67,77) (55,63,71) (16,16,16) (23,24,25) (32,32,32) (79,88,97) (66,74,82) (12,13,14) (24,24,24) (76,82,88) (25,28,31) (72,74,76) (13,14,15) 
(55,56,57) (55,60,65) (60,70,80) (93,93,93) (21,22,23) (56,62,68) (50,50,50) (2,2,2) (13,15,17) (96,99,102) (17,20,23) (41,45,49) (6,6,6) (79,81,83) (12,13,14) (50,51,52) (11,12,13) (11,12,13) (48,55,62) (31,35,39) 
(42,46,50) (11,12,13) (79,92,105) (23,23,23) (97,99,101) (10,11,12) (89,99,109) (79,88,97) (22,22,22) (18,18,18) (25,29,33) (48,53,58) (48,56,64) (56,56,56) (42,43,44) (47,53,59) (9,10,11) (40,41,42) (57,61,65) (12,12,12) 
(43,49,55) (45,48,51) (24,25,26) (39,40,41) (20,20,20) (10,10,10) (89,96,103) (7,8,9) (44,48,52) (79,91,103) (88,88,88) (29,30,31) (86,90,94) (50,53,56) (24,25,26) (28,32,36) (42,43,44) (48,50,52) (3,3,3) (4,4,4) 
(88,90,92) (41,42,43) (20,20,20) (12,12,12) (53,61,69) (77,89,101) (2,2,2) (50,57,64) (25,26,27) (73,77,81) (32,32,32) (40,41,42) (79,89,99) (42,45,48) (52,55,58) (32,37,42) (59,66,73) (11,11,11) (1,1,1) (50,55,60) 
(20,22,24) (34,39,44) (26,26,26) (78,85,92) (56,61,66) (51,54,57) (27,27,27) (22,25,28) (28,31,34) (43,47,51) (53,54,55) (16,16,16) (73,77,81) (27,29,31) (67,71,75) (24,24,24) (84,86,88) (63,68,73) (20,21,22) (34,40,46) 
(59,63,67) (24,25,26) (17,19,21) (88,97,106) (52,61,70) (70,71,72) (73,76,79) (50,52,54) (17,18,19) (23,27,31) (92,97,102) (69,74,79) (15,16,17) (10,10,10) (72,72,72) (52,61,70) (43,48,53) (84,96,108) (82,83,84) (84,98,112) 
(13,14,15) (21,23,25) (70,81,92) (46,53,60) (71,83,95) (91,93,95) (78,86,94) (40,45,50) (67,71,75) (9,9,9) (84,94,104) (88,91,94) (85,90,95) (33,34,35) (75,75,75) (1,1,1) (70,73,76) (73,83,93) (71,75,79) (63,68,73) 
(17,18,19) (62,64,66) (22,22,22) (31,33,35) (8,9,10) (51,57,63) (39,42,45) (1,1,1) (8,9,10) (42,45,48) (19,20,21) (21,24,27) (62,68,74) (78,86,94) (52,59,66) (79,90,101) (50,56,62) (40,41,42) (37,39,41) (41,43,45) 
(39,45,51) (59,67,75) (42,45,48) (16,18,20) (59,69,79) (25,26,27) (38,38,38) (1,1,1) (68,71,74) (64,64,64) (25,29,33) (71,77,83) (47,50,53) (22,23,24) (23,24,25) (66,67,68) (75,80,85) (80,89,98) (86,96,106) (21,21,21) 
(38,39,40) (40,45,50) (53,60,67) (63,65,67) (57,67,77) (83,91,99) (90,99,108) (84,96,108) (3,3,3) (11,11,11) (1,1,1) (12,14,16) (90,94,98) (8,9,10) (13,13,13) (70,82,94) (8,8,8) (58,58,58) (13,13,13) (76,76,76) 
(52,57,62) (47,50,53) (54,55,56) (54,54,54) (41,46,51) (48,52,56) (43,44,45) (3,3,3) (65,71,77) (78,80,82) (7,7,7) (59,66,73) (24,25,26) (5,5,5) (43,44,45) (38,44,50) (66,76,86) (77,83,89) (38,38,38) (93,94,95) 
(64,69,74) (30,32,34) (42,47,52) (52,61,70) (67,71,75) (39,39,39) (50,56,62) (63,69,75) (29,32,35) (53,60,67) (19,22,25) (58,68,78) (16,18,20) (8,9,10) (75,76,77) (38,44,50) (37,39,41) (19,22,25) (16,16,16) (82,95,108) 
(47,48,49) (89,92,95) (54,62,70) (47,48,49) (92,93,94) (27,27,27) (76,80,84) (44,48,52) (82,85,88) (62,62,62) (22,24,26) (65,67,69) (75,88,101) (28,29,30) (5,5,5) (3,3,3) (75,77,79) (47,47,47) (12,13,14) (56,60,64) 
