NUMBER OF JOBS
100
NUMBER OF RESOURCES
20
RESOURCE SEQUENCE
17 16 7 0 2 5 13 15 9 10 3 1 19 12 14 6 4 11 18 8 
12 3 19 13 2 7 16 17 6 14 9 5 1 0 18 4 10 8 15 11 
17 0 18 10 2 1 6 4 14 8 12 15 13 3 16 5 11 7 19 9 
8 14 7 0 13 12 2 10 3 9 1 17 11 16 4 19 15 6 5 18 
13 0 7 16 6 12 2 4 5 11 18 14 10 1 19 8 3 9 17 15 
11 1 18 6 17 16 0 19 7 10 3 2 5 13 4 9 14 12 8 15 
19 2 4 11 18 14 16 10 5 3 13 0 7 6 12 15 17 1 9 8 
4 17 19 11 13 16 0 10 18 7 5 9 6 12 15 14 8 2 1 3 
12 3 11 7 9 17 19 15 4 18 0 14 1 8 2 5 13 10 6 16 
11 0 15 14 8 17 12 16 9 18 1 7 2 19 6 10 13 4 5 3 
6 8 12 15 16 4 19 2 18 11 0 10 14 3 9 7 17 5 13 1 
9 1 3 14 13 7 8 17 19 12 4 18 5 2 11 6 10 16 0 15 
18 1 9 3 4 0 14 2 15 8 16 10 13 17 5 7 11 19 12 6 
9 12 10 14 13 17 18 4 11 3 6 1 15 7 19 0 16 5 2 8 
3 8 9 10 5 2 19 0 16 6 17 11 15 4 1 7 18 12 13 14 
7 16 10 8 13 3 0 5 11 17 9 15 4 1 6 12 2 19 18 14 
0 18 9 6 7 3 2 11 16 4 14 17 19 5 10 8 13 15 12 1 
16 9 15 5 0 7 8 18 13 2 17 19 10 4 14 12 6 11 1 3 
8 10 14 7 0 19 3 9 15 5 12 13 18 16 17 2 6 11 4 1 
12 9 5 1 10 18 2 7 8 11 14 4 15 17 3 13 16 19 0 6 
7 15 8 17 6 14 19 18 5 9 12 2 0 4 1 3 13 11 10 16 
4 10 2 13 11 18 6 19 16 8 15 14 12 17 9 5 1 3 7 0 
13 9 16 17 4 10 5 19 3 14 0 6 8 12 7 2 11 18 1 15 
3 16 13 1 6 7 12 9 17 11 18 14 19 4 8 2 0 15 5 10 
2 3 13 10 15 14 12 1 17 4 7 11 0 18 6 16 9 8 19 5 
12 19 18 1 14 16 0 10 4 5 3 9 13 8 7 11 2 6 17 15 
9 11 14 16 13 0 12 10 4 2 15 5 17 19 6 1 7 3 18 8 
17 6 16 7 19 12 0 18 13 2 1 11 8 14 5 3 9 15 10 4 
12 11 6 5 7 19 2 17 3 15 9 13 14 8 10 16 1 0 18 4 
7 12 10 13 5 11 8 0 3 1 19 9 6 2 14 15 18 4 16 17 
3 12 9 10 2 0 1 6 17 15 4 11 13 16 18 8 19 7 14 5 
16 18 10 17 19 8 15 7 11 6 14 4 2 12 1 9 5 13 0 3 
14 18 1 17 8 12 13 15 5 3 9 7 6 10 2 19 0 16 4 11 
0 8 2 12 15 16 7 1 4 9 5 11 13 6 18 14 19 17 10 3 
12 11 5 8 2 16 9 4 15 10 7 1 13 6 14 18 0 19 17 3 
12 19 10 11 17 4 5 18 14 0 16 9 1 7 15 6 8 3 13 2 
13 3 11 16 4 8 17 0 6 2 7 10 5 9 15 1 12 14 19 18 
10 13 19 8 0 9 7 15 18 17 4 1 12 3 11 14 5 6 16 2 
19 8 10 3 7 15 14 5 0 11 2 9 17 1 12 16 6 18 4 13 
2 15 4 0 13 10 19 18 12 9 7 5 14 1 8 17 11 16 6 3 
14 8 17 15 11 1 5 10 6 9 19 7 2 4 18 13 16 3 0 12 
4 3 5 6 9 18 19 2 11 15 17 0 8 16 12 1 13 14 10 7 
12 8 17 19 10 13 5 14 7 6 1 2 18 3 15 11 9 0 4 16 
18 4 0 8 13 6 3 2 9 17 1 11 15 12 16 10 5 7 19 14 
10 13 7 0 15 6 11 8 14 2 5 3 9 16 1 4 19 18 17 12 
12 5 14 18 8 0 7 2 10 16 9 6 1 17 11 4 15 19 3 13 
5 2 11 18 12 15 0 3 17 19 13 9 7 6 16 10 14 1 4 8 
3 1 10 9 2 15 13 12 5 0 7 19 11 17 4 8 18 14 6 16 
8 3 18 9 15 0 13 10 11 19 14 16 7 2 1 12 4 6 17 5 
17 2 10 9 14 16 6 1 15 8 13 7 5 11 0 4 12 18 19 3 
10 9 12 5 7 4 19 0 14 11 2 6 1 3 15 16 13 18 8 17 
5 9 14 3 12 17 4 11 2 19 6 15 10 0 18 7 1 8 16 13 
2 13 15 4 10 5 9 0 17 11 7 18 3 16 8 14 19 6 12 1 
18 6 5 19 7 16 13 4 15 14 10 8 12 17 0 11 2 9 3 1 
7 1 2 17 16 10 9 6 5 15 12 8 14 3 0 19 13 11 4 18 
14 8 10 15 17 4 9 7 1 3 19 0 13 2 16 5 11 6 12 18 
18 4 5 2 11 17 19 14 16 15 1 7 13 9 3 10 8 0 12 6 
13 14 0 8 19 15 16 6 17 4 18 10 9 5 2 11 12 3 1 7 
11 15 19 8 6 12 3 18 13 4 10 14 5 9 7 17 2 16 1 0 
1 10 4 13 14 9 7 19 3 17 0 8 18 11 2 5 15 6 16 12 
18 2 4 3 5 19 16 10 6 17 8 13 12 0 1 9 15 14 11 7 
18 7 10 11 6 16 5 9 13 4 1 19 3 14 15 17 0 8 2 12 
9 1 10 0 11 8 19 7 15 6 12 13 16 4 17 18 2 14 3 5 
5 9 10 7 0 4 15 13 16 2 19 3 12 11 18 14 1 8 17 6 
10 3 15 17 2 6 14 19 12 8 16 13 0 11 4 1 5 9 18 7 
1 0 7 19 16 17 5 8 18 15 12 3 11 4 10 13 6 14 2 9 
16 2 8 5 14 9 1 4 12 10 15 13 17 7 3 19 0 6 18 11 
18 12 1 3 14 2 11 10 0 13 15 8 7 5 9 19 16 6 4 17 
12 10 19 2 9 16 6 17 7 15 3 4 5 1 14 11 18 0 13 8 
12 9 8 6 7 0 1 11 10 18 3 14 13 17 16 5 15 2 19 4 
13 9 8 11 10 15 0 18 1 5 7 4 17 2 12 16 14 6 19 3 
2 12 6 4 19 7 10 1 16 17 18 3 15 11 13 8 9 0 14 5 
17 11 3 15 5 13 16 9 14 10 6 2 0 19 12 8 4 18 7 1 
19 6 3 5 16 14 10 4 1 11 7 9 12 17 15 18 8 13 0 2 
14 6 4 0 2 12 10 8 15 7 3 16 19 1 17 9 13 5 11 18 
2 1 6 7 18 16 15 14 4 11 8 9 19 0 10 13 3 5 17 12 
3 11 15 19 7 2 17 18 8 4 14 1 6 10 13 9 16 0 12 5 
9 19 8 10 17 6 4 15 13 1 14 16 11 18 5 0 7 12 3 2 
7 2 1 3 11 15 0 9 14 10 13 16 17 6 19 12 5 18 4 8 
17 13 9 2 3 8 5 10 15 16 6 4 1 7 19 11 0 18 14 12 
2 13 14 10 15 18 1 11 16 19 8 12 7 0 3 5 6 9 17 4 
0 17 5 9 2 8 4 15 7 14 3 12 6 1 10 13 16 11 18 19 
8 11 0 15 13 14 4 7 19 12 1 3 9 10 17 2 18 16 5 6 
7 8 18 12 6 14 13 16 3 10 15 5 9 1 2 11 19 17 4 0 
16 15 18 11 2 14 8 4 1 9 19 3 10 7 6 13 17 0 5 12 
16 11 19 18 12 0 7 4 6 13 10 15 8 1 2 5 3 14 9 17 
7 15 5 2 6 13 18 0 3 12 8 9 10 17 1 14 4 16 11 19 
2 17 9 8 5 4 12 1 18 11 0 15 16 14 10 3 7 19 13 6 
16 19 0 2 14 5 9 12 18 13 3 10 17 15 7 6 11 8 1 4 
14 17 16 18 0 6 13 9 3 4 19 10 1 15 2 8 11 12 7 5 
6 15 17 11 1 16 5 9 13 10 4 2 8 12 7 14 3 19 0 18 
8 19 15 18 16 14 7 17 3 5 13 2 1 9 0 6 10 11 4 12 
19 8 13 0 18 16 15 5 11 6 9 12 4 2 7 3 10 17 1 14 
19 13 17 0 16 14 9 12 18 10 5 4 2 15 8 7 11 1 3 6 
17 4 15 3 16 18 8 9 10 11 14 1 6 13 0 5 19 12 2 7 
5 9 15 19 16 1 3 0 12 6 11 17 13 10 18 7 2 8 14 4 
6 3 16 12 15 4 11 8 5 10 18 2 14 9 17 19 7 1 0 13 
13 18 15 2 12 19 14 10 6 0 1 9 17 11 7 5 3 8 4 16 
11 0 4 10 7 17 16 14 2 3 5 15 12 18 8 9 6 13 19 1 
9 19 1 15 18 12 2 13 11 16 7 14 10 17 4 6 0 8 3 5 
PROCESSING TIMES
(15,17,19) (23,25,27) (63,65,67) (29,31,33) (71,80,89) (55,64,73) (29,30,31) (31,36,41) (86,99,112) (15,16,17) (29,32,35) (3,3,3) (27,28,29) (68,79,90) (1,1,1) (48,50,52) (85,94,103) (29,31,33) (81,87,93) (80,94,108) 
(61,71,81) (77,86,95) (16,16,16) (76,79,82) (92,92,92) (71,79,87) (62,63,64) (10,10,10) (45,47,49) (58,64,70) (55,56,57) (4,4,4) (74,87,100) (15,16,17) (39,43,47) (64,70,76) (15,15,15) (26,27,28) (93,99,105) (33,37,41) 
(71,81,91) (32,32,32) (69,76,83) (71,80,89) (18,19,20) (6,6,6) (34,37,40) (59,59,59) (7,8,9) (3,3,3) (40,41,42) (68,79,90) (7,8,9) (80,83,86) (62,68,74) (52,53,54) (28,29,30) (55,61,67) (24,24,24) (53,53,53) 
(68,78,88) (95,99,103) (93,97,101) (19,20,21) (3,3,3) (1,1,1) (95,97,99) (86,92,98) (37,43,49) (11,11,11) (22,25,28) (30,31,32) (87,98,109) (63,73,83) (35,38,41) (66,71,76) (63,69,75) (61,71,81) (66,73,80) (2,2,2) 
(86,91,96) (83,90,97) (85,97,109) (22,24,26) (7,8,9) (68,72,76) (54,54,54) (64,67,70) (54,63,72) (37,39,41) (66,76,86) (11,12,13) (1,1,1) (7,7,7) (41,46,51) (14,14,14) (54,54,54) (57,66,75) (49,55,61) (37,42,47) 
(65,67,69) (12,13,14) (74,74,74) (34,38,42) (9,10,11) (66,67,68) (6,6,6) (47,50,53) (63,72,81) (86,93,100) (25,25,25) (72,72,72) (65,66,67) (69,71,73) (18,18,18) (66,77,88) (24,27,30) (19,20,21) (92,97,102) (16,17,18) 
(82,84,86) (19,19,19) (6,7,8) (38,40,42) (71,73,75) (83,89,95) (82,85,88) (76,78,80) (27,29,31) (81,89,97) (9,9,9) (79,88,97) (37,43,49) (49,52,55) (31,36,41) (41,44,47) (76,77,78) (42,44,46) (72,82,92) (79,90,101) 
(25,27,29) (85,88,91) (53,59,65) (70,79,88) (86,98,110) (66,66,66) (9,9,9) (1,1,1) (33,35,37) (59,69,79) (28,29,30) (67,67,67) (51,60,69) (40,43,46) (21,21,21) (19,19,19) (70,76,82) (50,55,60) (71,77,83) (13,15,17) 
(43,44,45) (37,43,49) (65,67,69) (41,41,41) (81,90,99) (64,71,78) (33,38,43) (37,39,41) (72,77,82) (17,18,19) (11,12,13) (16,17,18) (10,10,10) (77,77,77) (46,49,52) (25,25,25) (74,85,96) (28,30,32) (14,14,14) (83,92,101) 
(50,57,64) (37,41,45) (49,51,53) (39,41,43) (16,17,18) (87,91,95) (74,82,90) (66,68,70) (67,76,85) (13,13,13) (93,93,93) (11,12,13) (78,90,102) (50,58,66) (49,52,55) (78,83,88) (68,68,68) (3,3,3) (10,11,12) (38,40,42) 
(58,63,68) (57,59,61) (16,18,20) (94,99,104) (75,78,81) (5,5,5) (14,15,16) (68,71,74) (54,59,64) (21,21,21) (55,58,61) (29,29,29) (51,59,67) (93,98,103) (2,2,2) (16,18,20) (76,87,98) (54,55,56) (79,83,87) (82,85,88) 
(53,54,55) (55,57,59) (49,51,53) (22,25,28) (50,57,64) (45,46,47) (82,93,104) (53,58,63) (18,20,22) (4,4,4) (18,19,20) (83,91,99) (25,25,25) (80,88,96) (82,94,106) (52,52,52) (23,23,23) (4,4,4) (24,27,30) (62,66,70) 
(63,73,83) (78,84,90) (82,85,88) (48,50,52) (52,61,70) (37,40,43) (81,93,105) (16,17,18) (83,86,89) (19,19,19) (46,49,52) (98,98,98) (71,74,77) (6,6,6) (24,27,30) (81,91,101) (51,58,65) (59,59,59) (22,22,22) (13,15,17) 
(11,11,11) (50,56,62) (38,39,40) (18,20,22) (68,79,90) (52,55,58) (18,18,18) (35,40,45) (73,74,75) (91,91,91) (89,95,101) (61,65,69) (13,13,13) (24,26,28) (34,40,46) (78,89,100) (24,25,26) (29,33,37) (3,3,3) (19,21,23) 
(47,51,55) (37,37,37) (43,49,55) (20,20,20) (46,52,58) (55,57,59) (15,17,19) (40,42,44) (45,50,55) (66,74,82) (31,33,35) (38,38,38) (14,16,18) (21,21,21) (34,35,36) (85,85,85) (6,7,8) (57,66,75) (64,68,72) (62,66,70) 
(42,47,52) (24,27,30) (81,86,91) (19,19,19) (9,9,9) (22,23,24) (60,64,68) (32,32,32) (24,24,24) (12,14,16) (44,47,50) (74,81,88) (43,45,47) (79,84,89) (10,10,10) (24,25,26) (65,74,83) (78,81,84) (94,98,102) (68,79,90) 
(83,94,105) (45,46,47) (60,63,66) (58,64,70) (69,72,75) (62,70,78) (86,86,86) (10,10,10) (11,11,11) (92,99,106) (88,93,98) (90,90,90) (4,4,4) (66,75,84) (78,87,96) (35,35,35) (43,46,49) (25,27,29) (85,94,103) (78,83,88) 
(46,53,60) (33,33,33) (56,56,56) (17,19,21) (43,50,57) (78,82,86) (18,20,22) (47,49,51) (66,73,80) (20,21,22) (24,28,32) (38,40,42) (45,49,53) (72,83,94) (81,82,83) (14,16,18) (85,97,109) (77,86,95) (40,46,52) (40,45,50) 
(23,26,29) (25,29,33) (31,35,39) (31,31,31) (63,71,79) (75,78,81) (36,38,40) (10,11,12) (25,26,27) (12,12,12) (63,69,75) (60,64,68) (1,1,1) (87,96,105) (31,36,41) (80,93,106) (50,52,54) (28,30,32) (20,22,24) (23,25,27) 
(11,12,13) (84,98,112) (14,14,14) (36,38,40) (85,94,103) (71,77,83) (48,52,56) (91,95,99) (18,20,22) (66,77,88) (37,42,47) (28,28,28) (62,69,76) (86,88,90) (28,29,30) (18,18,18) (85,95,105) (68,73,78) (14,16,18) (31,34,37) 
(19,22,25) (5,5,5) (31,31,31) (22,25,28) (8,8,8) (35,38,41) (15,17,19) (17,17,17) (13,13,13) (57,59,61) (33,36,39) (83,88,93) (56,57,58) (17,19,21) (56,57,58) (59,65,71) (85,88,91) (21,23,25) (48,52,56) (35,40,45) 
(19,19,19) (29,34,39) (49,49,49) (40,46,52) (2,2,2) (40,45,50) (79,82,85) (7,7,7) (6,7,8) (46,50,54) (77,81,85) (1,1,1) (95,99,103) (88,91,94) (50,54,58) (4,4,4) (85,87,89) (25,29,33) (61,63,65) (40,45,50) 
(34,36,38) (37,38,39) (80,93,106) (26,27,28) (24,28,32) (71,81,91) (2,2,2) (57,66,75) (24,28,32) (40,46,52) (96,96,96) (49,55,61) (94,99,104) (77,90,103) (5,5,5) (32,37,42) (18,18,18) (47,55,63) (73,78,83) (50,53,56) 
(86,89,92) (93,93,93) (35,40,45) (67,76,85) (26,29,32) (59,61,63) (12,13,14) (95,95,95) (28,28,28) (3,3,3) (81,89,97) (25,28,31) (13,13,13) (54,63,72) (31,32,33) (46,50,54) (22,24,26) (61,63,65) (70,76,82) (40,47,54) 
(38,44,50) (41,48,55) (28,32,36) (56,61,66) (80,85,90) (34,34,34) (20,21,22) (46,52,58) (59,66,73) (42,47,52) (30,30,30) (46,49,52) (81,88,95) (94,95,96) (89,94,99) (54,59,64) (70,77,84) (5,5,5) (73,79,85) (23,27,31) 
(18,19,20) (57,64,71) (24,27,30) (29,30,31) (27,27,27) (49,57,65) (82,96,110) (36,36,36) (8,8,8) (66,77,88) (51,59,67) (34,36,38) (13,13,13) (94,96,98) (83,88,93) (47,47,47) (71,80,89) (28,32,36) (40,43,46) (91,93,95) 
(73,73,73) (67,75,83) (32,37,42) (64,70,76) (86,90,94) (29,34,39) (83,87,91) (6,6,6) (58,59,60) (68,79,90) (11,11,11) (46,50,54) (45,46,47) (12,12,12) (35,38,41) (52,55,58) (14,15,16) (16,18,20) (72,80,88) (97,98,99) 
(66,70,74) (87,90,93) (82,89,96) (4,4,4) (74,77,80) (29,31,33) (39,43,47) (83,87,91) (49,52,55) (54,63,72) (66,75,84) (19,21,23) (29,30,31) (63,68,73) (75,81,87) (80,89,98) (59,68,77) (41,44,47) (59,63,67) (46,51,56) 
(63,70,77) (9,9,9) (51,52,53) (52,55,58) (91,92,93) (55,60,65) (35,39,43) (12,13,14) (68,68,68) (65,72,79) (79,80,81) (42,45,48) (24,28,32) (69,69,69) (41,48,55) (25,29,33) (39,42,45) (54,55,56) (43,44,45) (78,88,98) 
(80,91,102) (26,28,30) (62,68,74) (46,49,52) (86,94,102) (86,86,86) (43,43,43) (43,43,43) (67,75,83) (86,98,110) (82,88,94) (62,67,72) (62,63,64) (32,34,36) (61,61,61) (74,85,96) (30,32,34) (90,96,102) (43,45,47) (46,51,56) 
(90,90,90) (96,97,98) (52,53,54) (9,9,9) (54,63,72) (91,92,93) (16,18,20) (68,68,68) (47,55,63) (9,10,11) (69,78,87) (32,34,36) (51,57,63) (12,13,14) (62,64,66) (51,59,67) (56,56,56) (65,76,87) (41,41,41) (50,56,62) 
(9,9,9) (41,44,47) (53,59,65) (52,61,70) (6,6,6) (57,66,75) (54,56,58) (37,41,45) (96,97,98) (35,41,47) (1,1,1) (21,21,21) (40,43,46) (74,76,78) (18,20,22) (63,73,83) (82,88,94) (88,98,108) (50,56,62) (26,26,26) 
(82,90,98) (51,60,69) (40,40,40) (78,78,78) (45,52,59) (9,10,11) (43,50,57) (53,61,69) (93,95,97) (27,28,29) (38,38,38) (22,24,26) (45,51,57) (91,96,101) (84,90,96) (17,18,19) (71,77,83) (10,11,12) (39,43,47) (90,93,96) 
(44,47,50) (29,30,31) (12,13,14) (55,63,71) (88,93,98) (38,42,46) (29,32,35) (12,12,12) (59,66,73) (90,94,98) (85,89,93) (25,25,25) (14,16,18) (85,96,107) (86,87,88) (39,39,39) (54,58,62) (8,8,8) (2,2,2) (17,17,17) 
(47,50,53) (62,62,62) (82,91,100) (24,25,26) (18,19,20) (68,73,78) (94,98,102) (57,63,69) (83,95,107) (49,57,65) (65,67,69) (7,7,7) (66,76,86) (74,79,84) (77,90,103) (69,75,81) (36,42,48) (63,66,69) (78,90,102) (36,41,46) 
(18,18,18) (88,99,110) (81,89,97) (39,43,47) (49,49,49) (7,8,9) (38,44,50) (32,33,34) (81,91,101) (39,39,39) (35,36,37) (63,72,81) (27,27,27) (62,70,78) (66,66,66) (78,82,86) (88,94,100) (43,46,49) (16,18,20) (86,98,110) 
(41,45,49) (13,13,13) (25,26,27) (12,14,16) (29,29,29) (83,90,97) (56,60,64) (80,84,88) (74,83,92) (40,41,42) (7,7,7) (24,24,24) (70,73,76) (57,58,59) (87,91,95) (47,47,47) (71,82,93) (76,81,86) (65,67,69) (15,15,15) 
(46,52,58) (70,79,88) (18,18,18) (3,3,3) (28,29,30) (76,88,100) (87,97,107) (47,55,63) (53,55,57) (14,15,16) (87,87,87) (16,17,18) (39,43,47) (52,58,64) (63,69,75) (57,66,75) (29,31,33) (41,43,45) (8,8,8) (2,2,2) 
(76,87,98) (44,51,58) (56,65,74) (5,5,5) (29,34,39) (54,58,62) (8,9,10) (10,10,10) (30,30,30) (87,87,87) (57,62,67) (88,89,90) (71,78,85) (34,37,40) (93,94,95) (37,40,43) (44,50,56) (83,83,83) (67,74,81) (74,83,92) 
(33,35,37) (33,34,35) (44,44,44) (65,65,65) (37,37,37) (5,5,5) (44,51,58) (26,26,26) (63,65,67) (16,16,16) (79,90,101) (39,40,41) (65,76,87) (46,54,62) (68,72,76) (26,27,28) (34,37,40) (69,75,81) (69,77,85) (85,89,93) 
(15,15,15) (1,1,1) (42,43,44) (7,7,7) (64,64,64) (46,50,54) (26,26,26) (28,29,30) (12,13,14) (69,76,83) (8,9,10) (5,5,5) (79,85,91) (19,19,19) (20,23,26) (86,95,104) (74,76,78) (66,69,72) (44,48,52) (23,26,29) 
(77,84,91) (38,42,46) (86,99,112) (24,25,26) (69,75,81) (83,93,103) (67,76,85) (54,56,58) (20,23,26) (80,87,94) (7,8,9) (2,2,2) (60,60,60) (78,79,80) (26,30,34) (15,16,17) (52,61,70) (16,16,16) (1,1,1) (31,31,31) 
(86,90,94) (38,41,44) (17,20,23) (45,50,55) (36,38,40) (73,76,79) (61,68,75) (62,66,70) (73,84,95) (69,77,85) (28,30,32) (54,55,56) (50,50,50) (37,40,43) (98,99,100) (5,5,5) (25,27,29) (9,10,11) (31,32,33) (23,24,25) 
(30,33,36) (75,79,83) (48,55,62) (65,69,73) (47,53,59) (44,50,56) (80,81,82) (24,28,32) (86,91,96) (54,55,56) (46,50,54) (28,29,30) (24,27,30) (9,9,9) (52,61,70) (26,27,28) (32,36,40) (40,43,46) (5,5,5) (55,56,57) 
(63,72,81) (31,36,41) (23,27,31) (15,16,17) (47,50,53) (75,82,89) (8,8,8) (71,79,87) (74,80,86) (22,22,22) (61,63,65) (54,61,68) (24,25,26) (56,61,66) (71,71,71) (87,93,99) (38,44,50) (57,65,73) (68,72,76) (78,88,98) 
(7,7,7) (17,18,19) (58,59,60) (42,44,46) (63,64,65) (82,94,106) (50,55,60) (18,20,22) (10,11,12) (77,77,77) (3,3,3) (25,26,27) (8,8,8) (19,21,23) (73,73,73) (73,80,87) (85,89,93) (47,53,59) (17,19,21) (81,95,109) 
(31,35,39) (7,7,7) (88,98,108) (65,66,67) (15,16,17) (80,89,98) (6,6,6) (23,24,25) (18,18,18) (36,39,42) (47,52,57) (47,49,51) (52,52,52) (26,26,26) (10,11,12) (72,73,74) (85,91,97) (60,69,78) (95,99,103) (74,79,84) 
(57,65,73) (23,24,25) (77,87,97) (73,85,97) (61,66,71) (93,99,105) (5,5,5) (29,29,29) (98,98,98) (17,17,17) (4,4,4) (47,48,49) (43,45,47) (26,26,26) (69,80,91) (5,5,5) (54,56,58) (47,53,59) (71,76,81) (35,41,47) 
(37,39,41) (33,34,35) (46,47,48) (54,60,66) (18,21,24) (11,11,11) (41,46,51) (14,14,14) (57,59,61) (48,51,54) (6,7,8) (58,58,58) (43,49,55) (52,57,62) (71,71,71) (53,57,61) (44,47,50) (1,1,1) (74,85,96) (62,72,82) 
(82,93,104) (75,88,101) (22,24,26) (30,32,34) (18,18,18) (43,44,45) (41,48,55) (16,18,20) (72,80,88) (67,67,67) (9,10,11) (9,9,9) (14,16,18) (30,35,40) (16,16,16) (10,10,10) (28,29,30) (65,71,77) (85,89,93) (84,87,90) 
(35,36,37) (27,29,31) (32,35,38) (72,78,84) (16,17,18) (7,7,7) (35,38,41) (44,50,56) (6,6,6) (15,15,15) (12,14,16) (26,30,34) (35,36,37) (18,18,18) (56,59,62) (54,63,72) (91,92,93) (25,26,27) (45,46,47) (21,23,25) 
(82,90,98) (11,11,11) (80,87,94) (34,34,34) (20,20,20) (1,1,1) (49,57,65) (26,30,34) (18,19,20) (23,25,27) (21,22,23) (30,32,34) (77,86,95) (30,31,32) (4,4,4) (54,54,54) (28,32,36) (16,17,18) (21,24,27) (64,67,70) 
(85,91,97) (60,61,62) (48,53,58) (1,1,1) (60,67,74) (50,53,56) (86,86,86) (8,8,8) (11,12,13) (45,51,57) (81,90,99) (65,73,81) (43,44,45) (12,12,12) (83,92,101) (58,58,58) (50,57,64) (56,63,70) (77,82,87) (67,68,69) 
(70,77,84) (44,48,52) (64,72,80) (86,89,92) (35,36,37) (22,23,24) (34,39,44) (44,45,46) (38,39,40) (74,85,96) (54,54,54) (66,69,72) (42,44,46) (88,92,96) (76,86,96) (39,42,45) (79,83,87) (84,85,86) (22,23,24) (52,58,64) 
(15,15,15) (5,5,5) (60,67,74) (8,9,10) (7,7,7) (81,81,81) (4,4,4) (77,86,95) (72,74,76) (47,49,51) (25,26,27) (8,9,10) (23,27,31) (30,33,36) (46,51,56) (83,95,107) (28,32,36) (24,24,24) (27,31,35) (50,58,66) 
(29,30,31) (90,90,90) (23,27,31) (15,17,19) (80,85,90) (27,27,27) (87,92,97) (11,11,11) (14,15,16) (59,61,63) (17,18,19) (33,34,35) (87,96,105) (53,56,59) (34,34,34) (40,44,48) (28,32,36) (1,1,1) (14,16,18) (55,55,55) 
(20,21,22) (92,95,98) (79,81,83) (1,1,1) (65,65,65) (66,69,72) (24,24,24) (41,47,53) (92,92,92) (23,25,27) (19,22,25) (58,60,62) (59,62,65) (92,97,102) (78,78,78) (55,63,71) (16,18,20) (35,35,35) (69,80,91) (50,55,60) 
(93,96,99) (25,27,29) (65,66,67) (47,52,57) (14,16,18) (20,20,20) (24,24,24) (55,59,63) (70,75,80) (58,64,70) (23,26,29) (77,88,99) (55,57,59) (65,68,71) (55,60,65) (11,12,13) (47,54,61) (99,99,99) (51,51,51) (61,71,81) 
(77,79,81) (6,6,6) (35,41,47) (7,8,9) (87,93,99) (45,46,47) (61,69,77) (76,81,86) (55,61,67) (39,44,49) (2,2,2) (66,69,72) (64,72,80) (21,21,21) (53,55,57) (68,69,70) (13,13,13) (63,69,75) (69,80,91) (79,91,103) 
(76,82,88) (88,99,110) (90,92,94) (47,53,59) (5,5,5) (29,33,37) (53,59,65) (29,32,35) (89,93,97) (12,13,14) (56,64,72) (17,19,21) (96,96,96) (12,12,12) (63,66,69) (4,4,4) (77,83,89) (57,65,73) (3,3,3) (79,79,79) 
(16,16,16) (62,62,62) (1,1,1) (38,41,44) (81,84,87) (60,61,62) (30,31,32) (54,63,72) (9,10,11) (9,10,11) (14,14,14) (65,75,85) (13,14,15) (57,63,69) (52,53,54) (55,61,67) (41,41,41) (7,7,7) (57,57,57) (13,15,17) 
(5,5,5) (83,83,83) (23,25,27) (37,37,37) (73,81,89) (42,42,42) (18,20,22) (21,22,23) (49,50,51) (37,40,43) (76,77,78) (72,76,80) (57,58,59) (80,88,96) (70,77,84) (69,69,69) (56,63,70) (54,56,58) (48,49,50) (40,41,42) 
(43,43,43) (16,16,16) (1,1,1) (51,56,61) (33,38,43) (35,41,47) (71,78,85) (73,81,89) (5,5,5) (41,46,51) (10,10,10) (6,6,6) (28,31,34) (42,44,46) (19,22,25) (69,78,87) (88,93,98) (39,42,45) (18,21,24) (40,43,46) 
(26,27,28) (25,26,27) (30,32,34) (17,20,23) (20,20,20) (5,5,5) (38,43,48) (57,63,69) (22,23,24) (27,29,31) (39,45,51) (72,79,86) (68,68,68) (67,73,79) (1,1,1) (9,10,11) (54,61,68) (53,56,59) (85,95,105) (31,36,41) 
(77,88,99) (18,21,24) (78,86,94) (90,92,94) (87,89,91) (30,30,30) (44,44,44) (23,25,27) (99,99,99) (88,91,94) (20,21,22) (42,45,48) (82,82,82) (39,41,43) (70,76,82) (30,33,36) (70,77,84) (48,49,50) (57,63,69) (36,37,38) 
(32,33,34) (53,54,55) (77,79,81) (55,56,57) (47,54,61) (66,75,84) (77,79,81) (99,99,99) (35,38,41) (13,13,13) (2,2,2) (47,53,59) (79,89,99) (81,82,83) (52,53,54) (31,33,35) (40,43,46) (73,73,73) (22,25,28) (12,14,16) 
(7,7,7) (43,43,43) (70,70,70) (21,22,23) (54,54,54) (78,81,84) (39,44,49) (87,94,101) (92,95,98) (26,29,32) (12,14,16) (44,50,56) (86,98,110) (17,18,19) (50,50,50) (88,96,104) (73,74,75) (61,66,71) (33,38,43) (43,49,55) 
(72,79,86) (40,40,40) (64,71,78) (38,39,40) (12,13,14) (19,19,19) (1,1,1) (77,82,87) (53,58,63) (25,26,27) (43,44,45) (16,18,20) (93,94,95) (7,8,9) (58,68,78) (83,90,97) (36,39,42) (44,47,50) (39,43,47) (80,80,80) 
(79,82,85) (1,1,1) (68,76,84) (20,22,24) (17,17,17) (13,15,17) (59,64,69) (63,71,79) (20,22,24) (76,79,82) (76,89,102) (80,80,80) (6,7,8) (69,78,87) (77,87,97) (76,88,100) (21,22,23) (58,59,60) (74,75,76) (21,24,27) 
(53,56,59) (81,93,105) (62,63,64) (22,23,24) (31,31,31) (89,90,91) (46,46,46) (74,83,92) (21,21,21) (4,4,4) (46,53,60) (94,99,104) (62,65,68) (91,99,107) (56,58,60) (5,5,5) (33,33,33) (15,17,19) (23,26,29) (7,7,7) 
(30,35,40) (42,44,46) (9,10,11) (5,5,5) (40,40,40) (64,66,68) (12,13,14) (17,20,23) (24,25,26) (83,95,107) (80,88,96) (28,32,36) (40,45,50) (10,11,12) (17,20,23) (58,61,64) (32,36,40) (41,45,49) (5,5,5) (48,56,64) 
(41,41,41) (6,6,6) (72,77,82) (69,69,69) (82,83,84) (15,17,19) (21,22,23) (31,32,33) (53,58,63) (55,63,71) (53,59,65) (31,31,31) (80,94,108) (84,90,96) (20,20,20) (75,83,91) (14,14,14) (64,67,70) (60,62,64) (57,62,67) 
(33,36,39) (77,81,85) (62,70,78) (20,20,20) (51,60,69) (20,22,24) (7,8,9) (27,31,35) (52,53,54) (58,67,76) (65,66,67) (72,75,78) (20,22,24) (30,30,30) (40,47,54) (61,69,77) (65,68,71) (72,77,82) (10,10,10) (4,4,4) 
(18,21,24) (86,97,108) (61,71,81) (12,13,14) (81,85,89) (85,95,105) (25,27,29) (9,10,11) (22,24,26) (38,43,48) (69,81,93) (86,88,90) (68,72,76) (5,5,5) (47,51,55) (66,75,84) (39,44,49) (43,49,55) (38,43,48) (23,26,29) 
(68,69,70) (93,93,93) (65,66,67) (11,12,13) (73,81,89) (93,94,95) (54,61,68) (53,56,59) (51,56,61) (55,62,69) (23,25,27) (2,2,2) (5,5,5) (77,87,97) (68,75,82) (13,14,15) (14,14,14) (43,45,47) (30,30,30) (7,8,9) 
(68,80,92) (20,21,22) (93,94,95) (77,86,95) (47,54,61) (62,70,78) (82,83,84) (35,39,43) (46,54,62) (73,76,79) (43,50,57) (18,18,18) (15,15,15) (4,4,4) (32,34,36) (11,12,13) (8,9,10) (43,47,51) (30,31,32) (64,65,66) 
(71,77,83) (82,87,92) (83,97,111) (82,90,98) (23,25,27) (67,77,87) (84,88,92) (68,76,84) (67,69,71) (14,15,16) (44,49,54) (25,27,29) (74,75,76) (78,90,102) (30,32,34) (23,26,29) (59,67,75) (70,82,94) (53,59,65) (67,72,77) 
(80,85,90) (38,40,42) (41,48,55) (62,64,66) (8,8,8) (72,79,86) (95,96,97) (70,70,70) (22,25,28) (29,30,31) (67,75,83) (74,86,98) (62,72,82) (46,49,52) (69,74,79) (48,55,62) (80,87,94) (31,34,37) (86,98,110) (46,46,46) 
(75,87,99) (70,75,80) (53,55,57) (30,34,38) (53,62,71) (29,31,33) (53,53,53) (12,13,14) (61,63,65) (14,14,14) (18,20,22) (11,12,13) (13,14,15) (41,48,55) (4,4,4) (56,64,72) (16,17,18) (5,5,5) (85,85,85) (41,41,41) 
(54,55,56) (74,74,74) (13,15,17) (39,39,39) (60,64,68) (68,71,74) (16,18,20) (51,60,69) (24,28,32) (80,82,84) (85,93,101) (64,68,72) (67,75,83) (48,56,64) (9,9,9) (9,9,9) (17,20,23) (61,61,61) (78,78,78) (5,5,5) 
(22,23,24) (60,66,72) (23,25,27) (2,2,2) (13,13,13) (63,72,81) (44,51,58) (76,81,86) (43,47,51) (6,6,6) (39,42,45) (40,44,48) (78,88,98) (34,36,38) (93,93,93) (20,21,22) (6,6,6) (53,62,71) (17,18,19) (36,38,40) 
(73,84,95) (1,1,1) (70,70,70) (56,63,70) (65,70,75) (22,22,22) (92,98,104) (4,4,4) (85,85,85) (27,29,31) (73,81,89) (25,26,27) (44,49,54) (56,62,68) (46,49,52) (62,66,70) (40,41,42) (27,31,35) (49,51,53) (22,23,24) 
(8,9,10) (17,20,23) (55,60,65) (22,22,22) (25,29,33) (76,89,102) (31,36,41) (44,51,58) (96,97,98) (35,39,43) (54,58,62) (43,50,57) (43,48,53) (88,94,100) (31,35,39) (95,95,95) (36,37,38) (72,79,86) (65,71,77) (12,12,12) 
(69,78,87) (91,95,99) (38,42,46) (59,60,61) (54,62,70) (86,99,112) (29,31,33) (87,94,101) (70,78,86) (23,27,31) (21,23,25) (51,60,69) (9,10,11) (75,80,85) (77,83,89) (48,54,60) (89,96,103) (15,15,15) (45,50,55) (62,64,66) 
(28,32,36) (52,59,66) (87,93,99) (91,95,99) (53,61,69) (19,19,19) (46,46,46) (70,75,80) (63,69,75) (70,76,82) (85,96,107) (48,50,52) (9,10,11) (64,69,74) (10,10,10) (98,98,98) (51,60,69) (1,1,1) (72,81,90) (74,79,84) 
(22,23,24) (61,64,67) (64,70,76) (33,35,37) (6,6,6) (8,8,8) (87,97,107) (7,7,7) (54,56,58) (91,92,93) (10,11,12) (43,50,57) (35,39,43) (72,72,72) (25,25,25) (79,85,91) (4,4,4) (55,59,63) (2,2,2) (24,27,30) 
(46,46,46) (89,90,91) (78,89,100) (66,66,66) (77,87,97) (35,35,35) (78,83,88) (83,90,97) (93,93,93) (49,54,59) (10,10,10) (19,22,25) (17,18,19) (91,97,103) (18,19,20) (89,94,99) (53,60,67) (90,90,90) (81,83,85) (36,41,46) 
(51,54,57) (47,53,59) (4,4,4) (51,54,57) (69,73,77) (16,18,20) (25,26,27) (52,58,64) (41,44,47) (1,1,1) (49,49,49) (92,95,98) (88,91,94) (38,38,38) (92,93,94) (27,29,31) (62,70,78) (12,14,16) (6,6,6) (51,51,51) 
(50,57,64) (4,4,4) (18,21,24) (5,5,5) (63,64,65) (64,71,78) (62,67,72) (23,24,25) (38,39,40) (64,73,82) (94,98,102) (11,12,13) (31,34,37) (19,20,21) (30,31,32) (11,12,13) (37,40,43) (73,75,77) (21,22,23) (65,65,65) 
(63,63,63) (79,83,87) (28,29,30) (74,84,94) (25,25,25) (11,12,13) (74,81,88) (78,89,100) (38,44,50) (21,23,25) (64,66,68) (31,31,31) (26,29,32) (63,64,65) (58,67,76) (55,56,57) (30,34,38) (84,97,110) (25,27,29) (62,71,80) 
(94,99,104) (28,28,28) (73,73,73) (9,10,11) (80,85,90) (53,56,59) (54,56,58) (10,10,10) (29,30,31) (73,82,91) (2,2,2) (42,45,48) (16,16,16) (33,36,39) (88,89,90) (24,27,30) (29,34,39) (82,85,88) (14,16,18) (71,75,79) 
(50,53,56) (30,33,36) (15,16,17) (71,81,91) (46,54,62) (13,15,17) (63,67,71) (43,46,49) (85,98,111) (62,72,82) (63,65,67) (41,42,43) (12,13,14) (36,40,44) (51,56,61) (38,43,48) (50,57,64) (55,56,57) (76,77,78) (92,94,96) 
(37,38,39) (74,83,92) (51,55,59) (75,80,85) (40,47,54) (25,28,31) (78,82,86) (74,82,90) (45,46,47) (83,89,95) (20,22,24) (63,69,75) (44,44,44) (78,84,90) (63,70,77) (32,32,32) (21,21,21) (52,55,58) (51,52,53) (12,13,14) 
(37,40,43) (54,55,56) (53,54,55) (73,73,73) (87,94,101) (71,80,89) (54,61,68) (73,74,75) (91,92,93) (20,23,26) (17,18,19) (37,41,45) (42,46,50) (81,94,107) (65,73,81) (31,31,31) (31,33,35) (34,35,36) (31,32,33) (13,15,17) 
(69,71,73) (20,20,20) (37,38,39) (68,72,76) (45,45,45) (74,75,76) (24,28,32) (30,30,30) (45,52,59) (57,57,57) (24,26,28) (77,77,77) (71,72,73) (39,43,47) (56,62,68) (7,7,7) (38,41,44) (19,21,23) (50,58,66) (21,21,21) 
(18,18,18) (53,56,59) (70,73,76) (17,17,17) (28,31,34) (47,49,51) (41,47,53) (66,66,66) (16,17,18) (64,75,86) (24,25,26) (37,38,39) (42,43,44) (87,95,103) (4,4,4) (62,71,80) (26,26,26) (5,5,5) (23,26,29) (26,28,30) 
(29,33,37) (56,62,68) (47,48,49) (20,21,22) (77,79,81) (42,48,54) (87,93,99) (28,29,30) (94,99,104) (88,98,108) (91,93,95) (32,36,40) (44,49,54) (41,42,43) (20,22,24) (54,63,72) (37,43,49) (24,27,30) (9,10,11) (3,3,3) 
(79,85,91) (4,4,4) (35,41,47) (8,8,8) (72,78,84) (84,88,92) (80,82,84) (47,53,59) (25,25,25) (70,80,90) (31,32,33) (28,28,28) (71,75,79) (28,31,34) (17,19,21) (11,11,11) (4,4,4) (90,92,94) (29,31,33) (1,1,1) 
(85,96,107) (22,24,26) (45,47,49) (34,35,36) (32,36,40) (82,83,84) (97,99,101) (20,22,24) (82,91,100) (1,1,1) (38,43,48) (30,33,36) (83,97,111) (50,50,50) (36,41,46) (70,78,86) (87,92,97) (84,92,100) (39,40,41) (43,45,47) 
(97,97,97) (59,62,65) (35,35,35) (42,42,42) (49,51,53) (12,14,16) (59,64,69) (10,10,10) (88,95,102) (7,7,7) (35,38,41) (10,11,12) (31,35,39) (25,25,25) (75,77,79) (80,82,84) (69,79,89) (69,81,93) (15,17,19) (31,33,35) 
