NUMBER OF JOBS
100
NUMBER OF RESOURCES
20
RESOURCE SEQUENCE
3 10 16 19 7 1 12 2 15 5 0 17 9 13 14 18 6 8 11 4 
2 18 9 16 14 0 3 6 5 4 15 12 8 1 10 17 11 19 7 13 
7 2 11 14 0 12 13 3 8 1 18 16 5 17 15 9 4 10 19 6 
1 18 12 6 8 5 19 11 9 3 2 13 17 4 10 0 15 14 7 16 
6 12 8 10 11 19 2 3 4 18 16 5 0 15 13 17 7 9 1 14 
4 7 17 5 16 15 12 11 0 6 19 2 3 18 1 9 14 10 13 8 
3 16 19 6 10 17 4 15 1 0 9 8 2 12 5 18 7 14 11 13 
12 19 5 4 8 15 9 2 16 10 1 13 7 11 17 14 18 3 6 0 
3 4 13 8 19 18 14 5 12 15 10 1 9 6 11 0 17 16 7 2 
13 18 19 17 16 9 6 14 8 0 12 1 11 10 15 3 4 2 5 7 
19 4 17 3 15 18 11 0 10 7 6 14 12 5 8 16 2 13 9 1 
2 10 13 8 11 12 9 4 16 6 15 1 14 19 0 5 3 7 17 18 
7 17 11 4 2 12 15 9 18 16 8 14 10 5 19 0 6 1 13 3 
11 1 6 2 7 17 10 5 16 4 13 19 3 8 0 15 18 12 14 9 
18 7 11 3 9 1 12 4 13 5 14 17 8 2 15 6 0 16 10 19 
4 1 6 18 0 13 3 7 15 5 8 11 12 10 2 19 17 9 16 14 
11 4 10 5 14 8 6 0 9 2 15 19 13 3 1 17 7 18 16 12 
17 3 1 15 13 6 12 19 7 16 11 10 0 4 2 18 5 14 8 9 
14 15 12 19 17 18 10 1 6 13 3 9 4 0 11 16 7 2 8 5 
5 2 4 10 19 0 3 18 1 7 16 12 11 14 9 15 17 13 8 6 
18 1 14 11 19 16 9 17 3 15 0 13 10 7 12 5 6 4 2 8 
10 2 19 6 0 15 18 5 13 14 12 17 7 11 1 16 4 9 8 3 
4 14 17 16 15 3 5 7 11 19 18 9 13 12 2 0 6 8 10 1 
12 8 3 14 18 19 15 6 11 13 16 0 1 10 5 2 17 7 9 4 
8 16 17 12 1 14 2 6 7 3 10 18 13 0 5 19 15 11 9 4 
8 13 9 0 10 19 4 18 17 7 2 15 12 11 3 1 5 14 6 16 
2 1 19 15 8 11 5 16 7 12 0 18 17 13 10 9 14 3 6 4 
13 4 18 11 12 15 3 14 5 8 10 9 0 16 6 1 17 19 2 7 
19 16 17 18 12 3 6 8 15 9 7 4 1 13 5 2 11 14 0 10 
7 5 13 12 9 19 1 0 14 10 17 8 6 15 2 3 11 16 4 18 
18 1 8 5 13 12 7 11 19 4 10 2 16 3 14 0 6 17 9 15 
8 12 17 7 11 14 10 1 5 18 0 9 15 13 3 6 19 16 2 4 
15 13 14 2 10 9 12 19 0 5 8 17 1 16 18 3 11 4 7 6 
18 7 5 15 12 6 4 0 13 11 17 9 8 16 3 10 19 1 2 14 
19 4 7 17 14 3 12 8 6 18 9 10 2 11 1 16 0 13 5 15 
11 4 7 2 15 3 0 8 12 10 5 16 19 6 13 18 17 1 14 9 
17 5 11 10 3 18 6 0 15 13 16 14 19 9 12 7 4 8 2 1 
4 8 18 13 3 7 15 6 0 16 19 12 9 11 17 10 5 2 1 14 
3 8 6 11 12 15 4 17 13 0 16 1 10 14 19 7 18 9 5 2 
10 8 12 3 1 7 15 13 16 18 2 11 17 0 6 4 14 19 5 9 
0 17 18 7 10 2 1 16 13 6 5 11 14 8 4 19 3 9 15 12 
3 2 4 11 16 8 12 9 15 13 14 19 5 7 6 1 17 10 0 18 
6 8 7 5 10 17 12 1 9 14 13 16 15 19 4 11 3 0 18 2 
2 12 16 11 0 14 4 18 8 7 5 13 10 3 9 6 19 1 17 15 
17 18 6 7 0 3 15 8 1 10 9 11 14 2 5 19 16 12 4 13 
12 9 8 17 2 5 14 13 10 19 18 1 3 4 11 0 6 15 16 7 
6 2 13 7 16 9 4 11 12 14 15 8 19 10 18 17 5 1 0 3 
0 10 12 13 6 3 15 4 16 14 9 11 2 18 1 5 7 8 17 19 
3 17 15 13 19 7 12 11 6 18 8 4 0 5 16 9 14 1 2 10 
16 18 10 5 4 8 15 14 3 19 0 6 9 17 12 7 2 11 1 13 
10 7 13 8 6 5 16 2 18 9 3 0 1 15 12 11 19 17 4 14 
1 10 7 4 19 3 5 9 13 6 15 11 17 14 2 18 16 0 8 12 
14 8 5 16 0 19 9 15 18 10 4 1 17 3 11 7 12 2 6 13 
15 2 8 18 13 0 6 9 17 4 3 12 10 19 14 16 11 5 1 7 
0 12 15 1 10 3 4 7 9 6 19 14 17 13 2 18 5 8 16 11 
9 13 15 6 17 10 8 16 1 2 4 0 19 3 5 7 11 14 12 18 
4 1 2 5 18 0 7 8 14 16 13 6 11 12 3 9 15 17 10 19 
4 13 17 5 10 3 2 6 14 0 16 12 9 8 15 19 7 11 1 18 
4 1 3 15 6 18 9 7 19 5 10 14 2 16 13 0 8 11 17 12 
13 0 19 2 5 3 6 16 12 11 17 10 9 15 8 7 14 18 1 4 
0 5 14 11 1 4 12 10 15 19 8 16 2 3 18 17 13 9 6 7 
8 11 6 12 18 4 16 13 0 1 19 17 3 5 2 7 9 10 15 14 
6 2 0 4 14 1 18 3 9 5 11 13 12 19 7 16 15 8 10 17 
1 13 19 2 18 5 7 3 8 12 15 6 4 14 16 9 11 0 10 17 
2 0 1 12 7 3 8 16 14 11 19 9 4 5 6 10 15 17 18 13 
0 15 3 11 17 9 16 10 12 4 7 8 18 1 14 2 13 5 19 6 
10 13 6 14 2 17 15 5 18 8 9 3 4 16 11 7 1 19 12 0 
14 10 17 12 5 4 7 11 13 8 0 2 16 15 18 9 19 3 6 1 
17 6 12 0 16 5 9 4 7 13 11 15 18 8 1 2 3 10 19 14 
9 0 6 14 2 3 12 7 5 16 19 1 10 8 18 11 13 17 4 15 
19 15 12 17 18 14 13 4 1 0 6 2 9 8 11 7 16 3 5 10 
11 13 10 9 2 8 5 4 6 18 17 14 7 12 16 19 3 15 0 1 
8 0 12 10 9 13 1 3 4 17 19 18 15 11 6 5 14 7 2 16 
19 8 5 18 2 14 3 15 12 4 16 0 11 13 7 1 9 6 10 17 
11 16 7 14 15 19 1 13 2 17 9 3 6 4 10 0 5 8 18 12 
11 3 14 0 17 4 15 13 2 8 18 1 12 19 5 10 16 9 6 7 
13 4 18 11 15 0 16 3 19 17 1 8 14 5 12 6 9 2 10 7 
7 13 4 19 0 8 15 5 1 18 16 3 11 9 12 10 17 14 2 6 
8 11 7 18 4 0 6 9 5 13 17 10 15 12 16 2 14 19 3 1 
15 3 8 11 17 16 9 14 6 10 1 4 18 12 13 0 7 19 2 5 
5 7 11 18 10 1 16 13 4 9 6 14 8 19 0 12 2 3 15 17 
11 9 6 8 18 7 1 4 17 10 3 15 12 19 16 2 13 5 14 0 
10 3 4 15 16 1 2 14 7 11 19 13 0 12 6 17 18 8 5 9 
17 5 11 2 13 0 7 12 6 9 4 8 14 16 1 18 19 15 10 3 
4 5 0 18 9 16 19 3 1 2 17 6 8 13 10 11 12 14 7 15 
10 13 5 0 7 16 4 19 9 2 11 17 14 15 18 3 8 1 6 12 
0 4 6 3 15 5 2 10 11 14 13 17 16 8 9 18 19 1 7 12 
15 12 19 13 11 18 4 16 5 17 2 8 7 14 0 9 10 6 1 3 
6 5 15 2 9 4 1 19 17 10 0 11 12 14 7 8 16 3 18 13 
18 7 4 17 16 9 8 3 12 14 6 19 2 15 10 0 1 5 13 11 
10 9 5 1 14 19 0 18 3 7 16 6 4 2 12 13 15 8 11 17 
17 15 16 4 13 1 9 10 11 19 0 5 14 8 12 7 2 3 18 6 
19 11 13 6 4 18 1 12 17 9 3 14 0 8 10 7 5 16 15 2 
7 8 1 15 14 5 3 11 2 19 4 6 18 12 16 17 9 10 13 0 
5 7 4 16 2 19 18 10 0 1 11 8 17 13 14 12 9 3 6 15 
9 5 18 16 7 15 8 0 3 6 12 1 10 14 13 19 17 4 11 2 
15 8 9 17 1 14 3 12 5 16 6 11 10 4 13 18 7 2 0 19 
12 0 10 11 2 9 7 5 16 13 6 15 3 8 14 19 18 1 17 4 
14 15 8 16 5 11 12 0 9 3 18 17 13 6 4 19 1 10 7 2 
7 18 0 14 12 17 8 10 16 4 19 13 2 15 6 3 1 9 11 5 
PROCESSING TIMES
(1,1,1) (29,32,35) (14,15,16) (15,15,15) (67,72,77) (36,41,46) (42,49,56) (17,17,17) (11,12,13) (34,39,44) (60,66,72) (58,64,70) (10,10,10) (21,24,27) (58,60,62) (69,76,83) (67,72,77) (44,47,50) (85,99,113) (79,92,105) 
(25,28,31) (60,62,64) (62,64,66) (95,95,95) (84,94,104) (85,86,87) (84,87,90) (11,11,11) (42,46,50) (63,64,65) (74,86,98) (69,76,83) (10,11,12) (29,32,35) (44,44,44) (30,31,32) (72,77,82) (88,99,110) (14,16,18) (97,97,97) 
(71,78,85) (25,28,31) (2,2,2) (3,3,3) (83,88,93) (63,69,75) (34,34,34) (89,99,109) (33,33,33) (60,70,80) (17,18,19) (22,22,22) (37,41,45) (20,20,20) (20,21,22) (40,44,48) (65,66,67) (18,18,18) (64,73,82) (77,80,83) 
(19,20,21) (21,22,23) (74,76,78) (40,43,46) (51,60,69) (87,91,95) (75,88,101) (26,26,26) (11,12,13) (7,8,9) (60,65,70) (37,39,41) (45,49,53) (71,83,95) (27,30,33) (74,78,82) (19,21,23) (84,96,108) (6,6,6) (51,56,61) 
(49,56,63) (49,52,55) (73,73,73) (19,20,21) (65,76,87) (69,73,77) (18,21,24) (18,21,24) (39,40,41) (61,69,77) (19,19,19) (92,93,94) (79,92,105) (66,74,82) (77,88,99) (72,74,76) (88,95,102) (43,43,43) (44,50,56) (69,77,85) 
(78,79,80) (53,57,61) (61,70,79) (31,34,37) (28,28,28) (28,28,28) (82,84,86) (39,40,41) (6,6,6) (52,53,54) (36,42,48) (88,99,110) (7,7,7) (17,18,19) (21,23,25) (12,12,12) (83,87,91) (79,86,93) (13,13,13) (64,66,68) 
(63,67,71) (2,2,2) (67,69,71) (85,87,89) (52,56,60) (20,22,24) (23,24,25) (60,67,74) (51,60,69) (7,7,7) (2,2,2) (62,71,80) (58,63,68) (62,63,64) (95,99,103) (69,79,89) (73,84,95) (7,7,7) (94,97,100) (75,84,93) 
(17,19,21) (86,98,110) (65,65,65) (54,56,58) (20,21,22) (70,81,92) (87,91,95) (52,52,52) (74,86,98) (60,64,68) (2,2,2) (6,6,6) (81,81,81) (77,81,85) (5,5,5) (77,84,91) (80,88,96) (64,70,76) (66,76,86) (71,72,73) 
(63,73,83) (71,73,75) (24,24,24) (24,26,28) (20,22,24) (47,53,59) (87,94,101) (75,81,87) (24,25,26) (49,57,65) (44,47,50) (86,86,86) (79,79,79) (86,92,98) (44,45,46) (15,17,19) (3,3,3) (11,12,13) (60,60,60) (54,60,66) 
(58,66,74) (64,71,78) (66,69,72) (73,77,81) (86,95,104) (29,30,31) (41,45,49) (45,46,47) (31,35,39) (33,33,33) (95,95,95) (18,20,22) (26,30,34) (43,50,57) (87,92,97) (91,97,103) (99,99,99) (2,2,2) (2,2,2) (22,24,26) 
(87,91,95) (78,85,92) (16,16,16) (80,91,102) (38,40,42) (57,59,61) (60,64,68) (29,30,31) (56,62,68) (94,94,94) (63,67,71) (75,75,75) (19,22,25) (44,46,48) (86,97,108) (35,40,45) (9,9,9) (37,38,39) (7,7,7) (93,94,95) 
(95,99,103) (79,82,85) (82,94,106) (17,20,23) (40,41,42) (75,85,95) (19,21,23) (72,80,88) (48,53,58) (46,50,54) (72,73,74) (34,37,40) (78,89,100) (60,60,60) (30,30,30) (5,5,5) (9,10,11) (12,12,12) (34,40,46) (27,29,31) 
(33,34,35) (26,27,28) (64,75,86) (68,74,80) (70,82,94) (8,9,10) (73,75,77) (85,87,89) (75,81,87) (12,12,12) (12,12,12) (23,26,29) (16,18,20) (78,89,100) (84,84,84) (85,87,89) (12,14,16) (88,93,98) (18,20,22) (78,81,84) 
(86,93,100) (41,48,55) (57,61,65) (57,57,57) (79,89,99) (61,62,63) (51,51,51) (83,89,95) (40,43,46) (9,9,9) (67,73,79) (21,24,27) (15,17,19) (71,73,75) (11,12,13) (70,76,82) (67,72,77) (11,11,11) (30,34,38) (75,75,75) 
(6,7,8) (60,62,64) (2,2,2) (24,28,32) (69,73,77) (52,57,62) (46,51,56) (69,75,81) (85,86,87) (22,25,28) (98,98,98) (61,63,65) (41,41,41) (58,64,70) (21,24,27) (59,62,65) (37,40,43) (19,21,23) (30,34,38) (42,44,46) 
(71,71,71) (43,44,45) (63,66,69) (87,93,99) (60,61,62) (66,66,66) (36,42,48) (48,51,54) (30,32,34) (49,52,55) (29,31,33) (28,30,32) (60,63,66) (26,29,32) (86,90,94) (72,75,78) (80,94,108) (8,9,10) (39,40,41) (21,22,23) 
(13,14,15) (44,46,48) (9,10,11) (52,52,52) (7,7,7) (1,1,1) (13,13,13) (71,77,83) (35,37,39) (63,63,63) (33,37,41) (54,59,64) (33,33,33) (28,30,32) (74,78,82) (35,38,41) (73,77,81) (11,12,13) (46,46,46) (33,33,33) 
(65,72,79) (61,71,81) (80,84,88) (9,10,11) (90,95,100) (22,24,26) (17,18,19) (48,56,64) (3,3,3) (46,49,52) (70,77,84) (17,19,21) (69,70,71) (22,24,26) (44,50,56) (17,19,21) (51,60,69) (40,45,50) (66,77,88) (6,6,6) 
(10,11,12) (17,20,23) (12,12,12) (54,61,68) (95,99,103) (28,29,30) (34,38,42) (71,76,81) (48,48,48) (51,56,61) (92,98,104) (73,80,87) (45,52,59) (26,30,34) (22,23,24) (55,59,63) (61,66,71) (4,4,4) (40,43,46) (24,26,28) 
(68,80,92) (68,71,74) (48,50,52) (63,69,75) (25,27,29) (49,54,59) (4,4,4) (58,60,62) (83,93,103) (1,1,1) (65,76,87) (10,11,12) (87,88,89) (77,87,97) (41,42,43) (70,73,76) (83,87,91) (36,40,44) (14,15,16) (64,72,80) 
(72,79,86) (4,4,4) (7,8,9) (64,65,66) (63,72,81) (70,70,70) (64,69,74) (89,99,109) (1,1,1) (73,73,73) (57,57,57) (50,52,54) (74,80,86) (80,85,90) (57,58,59) (7,8,9) (31,31,31) (83,91,99) (86,89,92) (54,60,66) 
(81,88,95) (35,39,43) (70,70,70) (57,65,73) (77,78,79) (8,9,10) (58,65,72) (52,54,56) (90,96,102) (13,14,15) (43,46,49) (49,51,53) (62,64,66) (53,55,57) (52,56,60) (6,6,6) (2,2,2) (15,15,15) (46,53,60) (20,20,20) 
(50,57,64) (37,39,41) (76,78,80) (61,71,81) (88,91,94) (49,57,65) (65,73,81) (31,36,41) (70,81,92) (80,92,104) (59,59,59) (7,8,9) (23,24,25) (41,48,55) (76,88,100) (68,69,70) (42,49,56) (51,55,59) (7,7,7) (79,82,85) 
(31,31,31) (49,56,63) (85,97,109) (88,98,108) (18,18,18) (48,55,62) (69,69,69) (33,33,33) (67,73,79) (4,4,4) (40,44,48) (95,97,99) (65,76,87) (21,21,21) (36,39,42) (68,73,78) (82,85,88) (28,30,32) (57,65,73) (13,15,17) 
(2,2,2) (65,76,87) (81,94,107) (57,62,67) (26,28,30) (91,91,91) (35,37,39) (55,62,69) (44,49,54) (31,34,37) (71,71,71) (62,65,68) (52,56,60) (77,78,79) (10,10,10) (47,52,57) (39,43,47) (85,92,99) (29,34,39) (55,58,61) 
(25,28,31) (71,79,87) (39,40,41) (44,44,44) (29,33,37) (2,2,2) (73,85,97) (53,53,53) (19,19,19) (61,71,81) (14,16,18) (8,8,8) (36,38,40) (51,52,53) (92,98,104) (30,30,30) (13,15,17) (5,5,5) (14,16,18) (82,88,94) 
(87,89,91) (36,36,36) (2,2,2) (37,42,47) (64,74,84) (81,89,97) (66,69,72) (12,13,14) (13,14,15) (82,83,84) (40,46,52) (75,78,81) (64,69,74) (46,48,50) (62,64,66) (59,64,69) (2,2,2) (32,34,36) (35,38,41) (35,40,45) 
(27,30,33) (91,92,93) (45,48,51) (90,93,96) (68,74,80) (68,71,74) (78,85,92) (23,25,27) (94,98,102) (66,71,76) (1,1,1) (72,83,94) (7,8,9) (68,73,78) (42,44,46) (24,26,28) (35,38,41) (61,68,75) (8,9,10) (59,63,67) 
(42,45,48) (69,77,85) (10,11,12) (46,49,52) (53,54,55) (88,93,98) (42,42,42) (39,43,47) (51,57,63) (15,17,19) (61,61,61) (8,9,10) (65,65,65) (30,32,34) (24,28,32) (53,53,53) (54,63,72) (15,17,19) (61,66,71) (65,66,67) 
(55,57,59) (4,4,4) (27,30,33) (29,33,37) (93,99,105) (4,4,4) (46,51,56) (39,42,45) (70,76,82) (44,44,44) (16,16,16) (89,90,91) (80,89,98) (80,91,102) (57,61,65) (75,81,87) (85,86,87) (86,92,98) (7,7,7) (6,7,8) 
(31,33,35) (54,58,62) (21,22,23) (20,22,24) (63,63,63) (7,7,7) (22,22,22) (76,78,80) (72,84,96) (94,95,96) (75,83,91) (7,7,7) (57,66,75) (32,35,38) (8,9,10) (28,29,30) (38,43,48) (76,88,100) (92,95,98) (6,7,8) 
(87,88,89) (45,52,59) (18,18,18) (41,46,51) (8,8,8) (5,5,5) (70,76,82) (18,20,22) (17,19,21) (61,71,81) (29,30,31) (20,22,24) (57,57,57) (47,53,59) (89,91,93) (63,68,73) (8,8,8) (43,47,51) (69,81,93) (31,33,35) 
(43,48,53) (47,53,59) (33,34,35) (55,61,67) (20,23,26) (11,11,11) (5,5,5) (81,81,81) (26,30,34) (23,25,27) (12,13,14) (60,68,76) (9,9,9) (37,38,39) (6,6,6) (99,99,99) (17,18,19) (17,19,21) (51,53,55) (75,81,87) 
(47,50,53) (3,3,3) (56,61,66) (76,88,100) (89,98,107) (54,56,58) (86,92,98) (82,87,92) (29,34,39) (25,29,33) (84,89,94) (72,80,88) (86,96,106) (25,26,27) (36,41,46) (93,97,101) (64,66,68) (49,49,49) (17,19,21) (30,33,36) 
(59,59,59) (65,66,67) (25,26,27) (8,8,8) (40,41,42) (59,63,67) (69,69,69) (58,64,70) (55,58,61) (2,2,2) (84,92,100) (25,26,27) (13,13,13) (36,40,44) (77,88,99) (29,34,39) (8,8,8) (44,45,46) (81,94,107) (67,72,77) 
(40,46,52) (88,95,102) (31,36,41) (25,26,27) (69,79,89) (67,76,85) (37,37,37) (65,73,81) (37,41,45) (85,94,103) (82,82,82) (31,36,41) (41,48,55) (91,96,101) (65,73,81) (79,79,79) (30,30,30) (13,15,17) (87,87,87) (30,34,38) 
(30,30,30) (16,17,18) (88,94,100) (77,82,87) (38,44,50) (69,78,87) (87,97,107) (95,99,103) (77,82,87) (74,87,100) (55,56,57) (80,87,94) (39,42,45) (50,52,54) (77,87,97) (15,15,15) (1,1,1) (2,2,2) (87,90,93) (70,71,72) 
(38,40,42) (13,13,13) (6,6,6) (41,43,45) (46,46,46) (73,84,95) (63,66,69) (14,14,14) (66,66,66) (14,16,18) (83,94,105) (63,63,63) (16,16,16) (31,36,41) (35,40,45) (42,49,56) (51,53,55) (32,34,36) (60,60,60) (7,8,9) 
(1,1,1) (36,40,44) (53,59,65) (76,83,90) (59,69,79) (71,76,81) (36,38,40) (44,46,48) (58,65,72) (56,65,74) (52,61,70) (63,73,83) (2,2,2) (58,63,68) (17,20,23) (71,74,77) (45,45,45) (40,40,40) (70,76,82) (70,70,70) 
(34,37,40) (4,4,4) (31,33,35) (79,80,81) (38,41,44) (65,74,83) (67,67,67) (24,27,30) (74,83,92) (2,2,2) (49,52,55) (52,53,54) (59,59,59) (27,27,27) (15,15,15) (38,44,50) (44,45,46) (17,17,17) (54,55,56) (52,59,66) 
(10,10,10) (8,9,10) (17,19,21) (56,60,64) (84,88,92) (80,88,96) (27,29,31) (53,60,67) (46,48,50) (83,85,87) (87,89,91) (45,47,49) (98,98,98) (15,16,17) (9,9,9) (93,98,103) (45,52,59) (86,95,104) (44,49,54) (89,96,103) 
(74,77,80) (84,96,108) (64,70,76) (19,19,19) (38,40,42) (89,97,105) (11,12,13) (58,63,68) (74,82,90) (6,7,8) (71,76,81) (85,93,101) (77,86,95) (72,82,92) (44,46,48) (17,19,21) (43,47,51) (77,90,103) (45,45,45) (11,11,11) 
(58,67,76) (40,42,44) (15,17,19) (54,55,56) (59,59,59) (48,50,52) (54,58,62) (77,89,101) (81,90,99) (47,49,51) (83,86,89) (18,20,22) (38,41,44) (17,19,21) (48,53,58) (88,94,100) (85,87,89) (63,63,63) (50,53,56) (21,21,21) 
(18,20,22) (62,70,78) (19,20,21) (67,71,75) (35,39,43) (33,35,37) (17,19,21) (84,90,96) (53,60,67) (21,24,27) (76,77,78) (51,59,67) (52,55,58) (17,17,17) (32,35,38) (73,77,81) (84,93,102) (31,33,35) (51,60,69) (15,16,17) 
(47,53,59) (43,46,49) (12,12,12) (18,21,24) (17,20,23) (19,22,25) (25,27,29) (36,38,40) (39,43,47) (62,66,70) (34,38,42) (91,98,105) (53,55,57) (40,41,42) (88,99,110) (16,17,18) (83,91,99) (73,73,73) (23,24,25) (51,59,67) 
(5,5,5) (72,82,92) (31,32,33) (25,28,31) (43,43,43) (46,50,54) (83,85,87) (56,58,60) (13,13,13) (44,50,56) (18,20,22) (46,51,56) (16,17,18) (54,54,54) (15,16,17) (20,20,20) (91,98,105) (45,45,45) (79,87,95) (54,56,58) 
(65,74,83) (7,8,9) (17,20,23) (55,63,71) (93,93,93) (20,22,24) (85,87,89) (63,66,69) (8,9,10) (4,4,4) (7,7,7) (30,30,30) (84,92,100) (33,36,39) (65,68,71) (77,78,79) (6,6,6) (48,48,48) (73,85,97) (26,26,26) 
(41,44,47) (4,4,4) (14,16,18) (69,72,75) (66,70,74) (46,52,58) (82,85,88) (71,79,87) (68,79,90) (70,76,82) (60,64,68) (70,71,72) (83,83,83) (36,37,38) (81,84,87) (11,11,11) (22,22,22) (24,28,32) (2,2,2) (55,57,59) 
(77,86,95) (42,45,48) (12,13,14) (3,3,3) (23,24,25) (46,47,48) (30,30,30) (18,19,20) (15,17,19) (24,25,26) (81,92,103) (73,75,77) (92,96,100) (23,24,25) (15,16,17) (73,74,75) (58,67,76) (64,70,76) (42,42,42) (83,90,97) 
(44,47,50) (6,6,6) (17,19,21) (33,38,43) (11,12,13) (80,93,106) (49,55,61) (59,63,67) (40,41,42) (14,14,14) (3,3,3) (10,11,12) (65,76,87) (29,32,35) (83,83,83) (29,33,37) (2,2,2) (73,76,79) (65,73,81) (23,27,31) 
(58,58,58) (2,2,2) (73,77,81) (70,72,74) (90,98,106) (58,60,62) (37,38,39) (43,44,45) (62,67,72) (1,1,1) (52,57,62) (44,48,52) (35,37,39) (88,89,90) (74,81,88) (70,79,88) (81,81,81) (29,33,37) (19,22,25) (32,33,34) 
(26,26,26) (14,15,16) (15,17,19) (9,9,9) (85,91,97) (39,40,41) (17,18,19) (6,6,6) (45,49,53) (90,90,90) (10,11,12) (68,68,68) (26,26,26) (57,67,77) (12,14,16) (86,94,102) (79,85,91) (90,96,102) (10,11,12) (86,97,108) 
(14,15,16) (3,3,3) (51,51,51) (13,15,17) (63,69,75) (11,12,13) (22,23,24) (31,33,35) (65,66,67) (22,24,26) (40,44,48) (73,78,83) (48,48,48) (50,50,50) (80,89,98) (6,6,6) (52,58,64) (18,20,22) (5,5,5) (61,69,77) 
(61,62,63) (49,52,55) (18,19,20) (92,92,92) (35,40,45) (1,1,1) (87,97,107) (53,56,59) (73,74,75) (42,46,50) (31,33,35) (30,33,36) (27,28,29) (82,84,86) (49,51,53) (22,25,28) (58,59,60) (87,90,93) (33,38,43) (59,59,59) 
(61,64,67) (36,37,38) (2,2,2) (9,9,9) (6,6,6) (30,34,38) (1,1,1) (39,42,45) (87,92,97) (60,61,62) (46,48,50) (54,61,68) (60,62,64) (10,11,12) (69,78,87) (28,29,30) (40,40,40) (13,15,17) (59,61,63) (38,39,40) 
(76,81,86) (8,9,10) (4,4,4) (59,67,75) (31,35,39) (80,89,98) (6,7,8) (1,1,1) (47,55,63) (3,3,3) (11,11,11) (30,35,40) (58,66,74) (19,19,19) (28,28,28) (59,69,79) (20,22,24) (3,3,3) (39,42,45) (56,56,56) 
(86,91,96) (26,26,26) (5,5,5) (93,98,103) (10,10,10) (66,72,78) (75,78,81) (74,81,88) (11,11,11) (51,51,51) (57,63,69) (70,80,90) (25,29,33) (63,63,63) (63,66,69) (78,80,82) (3,3,3) (67,68,69) (50,50,50) (16,16,16) 
(95,95,95) (38,43,48) (70,70,70) (11,12,13) (64,73,82) (10,10,10) (83,88,93) (81,85,89) (43,43,43) (50,57,64) (63,70,77) (15,15,15) (12,13,14) (49,54,59) (93,96,99) (93,99,105) (18,18,18) (58,64,70) (75,85,95) (53,53,53) 
(47,48,49) (15,16,17) (52,56,60) (8,9,10) (57,66,75) (73,83,93) (25,26,27) (38,40,42) (26,28,30) (68,73,78) (69,79,89) (47,47,47) (81,82,83) (51,59,67) (62,64,66) (32,37,42) (73,79,85) (25,27,29) (6,6,6) (97,99,101) 
(87,99,111) (31,33,35) (77,85,93) (24,27,30) (89,93,97) (3,3,3) (50,56,62) (11,11,11) (77,81,85) (41,42,43) (10,10,10) (67,73,79) (23,27,31) (52,59,66) (17,18,19) (1,1,1) (55,62,69) (54,55,56) (52,59,66) (51,60,69) 
(6,6,6) (60,67,74) (38,42,46) (38,39,40) (12,14,16) (34,39,44) (43,49,55) (12,12,12) (88,91,94) (64,67,70) (84,91,98) (60,69,78) (38,38,38) (13,13,13) (40,40,40) (36,39,42) (4,4,4) (53,55,57) (2,2,2) (83,85,87) 
(79,83,87) (13,15,17) (16,18,20) (8,9,10) (86,87,88) (58,66,74) (22,24,26) (2,2,2) (81,90,99) (52,54,56) (25,28,31) (87,87,87) (49,50,51) (76,76,76) (53,59,65) (28,28,28) (48,53,58) (79,79,79) (8,9,10) (31,31,31) 
(64,71,78) (86,92,98) (38,38,38) (6,6,6) (80,86,92) (17,17,17) (21,22,23) (86,88,90) (73,80,87) (4,4,4) (12,13,14) (82,82,82) (39,44,49) (69,71,73) (7,7,7) (35,36,37) (43,43,43) (10,10,10) (59,65,71) (18,21,24) 
(42,49,56) (46,50,54) (54,60,66) (55,63,71) (50,51,52) (55,62,69) (4,4,4) (82,86,90) (23,27,31) (29,32,35) (31,32,33) (62,66,70) (4,4,4) (4,4,4) (20,23,26) (92,99,106) (94,99,104) (73,78,83) (2,2,2) (35,38,41) 
(40,47,54) (75,76,77) (6,7,8) (56,62,68) (31,32,33) (59,64,69) (24,28,32) (41,45,49) (65,65,65) (84,91,98) (31,36,41) (39,44,49) (75,80,85) (5,5,5) (6,7,8) (17,20,23) (47,54,61) (75,87,99) (77,85,93) (5,5,5) 
(2,2,2) (76,78,80) (76,78,80) (38,39,40) (93,94,95) (84,94,104) (83,83,83) (45,46,47) (94,97,100) (18,19,20) (64,64,64) (92,96,100) (20,22,24) (42,47,52) (30,32,34) (70,71,72) (84,93,102) (89,92,95) (13,13,13) (9,9,9) 
(50,51,52) (47,48,49) (52,60,68) (88,99,110) (52,53,54) (35,35,35) (18,19,20) (76,78,80) (58,65,72) (64,72,80) (71,72,73) (59,60,61) (86,92,98) (14,15,16) (61,61,61) (25,29,33) (87,99,111) (70,74,78) (53,53,53) (11,11,11) 
(39,41,43) (54,54,54) (17,17,17) (80,91,102) (44,48,52) (77,80,83) (84,95,106) (76,84,92) (12,13,14) (80,91,102) (41,44,47) (80,81,82) (68,74,80) (44,44,44) (30,32,34) (8,9,10) (4,4,4) (12,13,14) (54,60,66) (83,83,83) 
(12,13,14) (4,4,4) (23,23,23) (73,84,95) (40,41,42) (69,73,77) (70,77,84) (22,23,24) (16,16,16) (48,56,64) (19,19,19) (55,63,71) (62,72,82) (32,35,38) (57,62,67) (43,45,47) (45,50,55) (89,89,89) (37,38,39) (68,76,84) 
(15,17,19) (98,98,98) (19,22,25) (79,86,93) (29,32,35) (85,92,99) (2,2,2) (26,27,28) (45,52,59) (41,41,41) (10,11,12) (41,46,51) (86,97,108) (39,45,51) (89,92,95) (54,55,56) (57,58,59) (84,95,106) (55,58,61) (17,20,23) 
(52,52,52) (84,90,96) (37,37,37) (63,63,63) (25,25,25) (2,2,2) (45,50,55) (53,53,53) (57,67,77) (20,21,22) (82,86,90) (83,90,97) (30,31,32) (59,59,59) (40,45,50) (5,5,5) (66,75,84) (90,93,96) (24,28,32) (8,8,8) 
(16,17,18) (89,90,91) (77,80,83) (79,90,101) (63,72,81) (30,31,32) (6,6,6) (75,85,95) (27,30,33) (52,60,68) (61,69,77) (84,91,98) (23,27,31) (28,29,30) (19,21,23) (32,36,40) (12,13,14) (73,74,75) (56,60,64) (11,11,11) 
(73,74,75) (70,80,90) (87,93,99) (88,91,94) (54,60,66) (7,8,9) (85,96,107) (61,61,61) (63,73,83) (25,27,29) (62,62,62) (71,78,85) (43,45,47) (74,77,80) (60,62,64) (77,83,89) (23,25,27) (67,71,75) (10,11,12) (57,58,59) 
(84,98,112) (30,32,34) (87,97,107) (23,26,29) (16,16,16) (57,65,73) (16,16,16) (93,97,101) (5,5,5) (4,4,4) (87,95,103) (10,10,10) (75,88,101) (31,35,39) (74,77,80) (34,36,38) (43,44,45) (65,76,87) (66,75,84) (12,14,16) 
(4,4,4) (43,47,51) (68,71,74) (29,32,35) (19,20,21) (47,54,61) (78,87,96) (52,59,66) (5,5,5) (9,10,11) (42,43,44) (13,13,13) (22,24,26) (7,8,9) (24,27,30) (29,33,37) (49,56,63) (12,13,14) (33,33,33) (35,35,35) 
(17,17,17) (17,19,21) (64,71,78) (90,91,92) (20,23,26) (24,25,26) (41,45,49) (61,69,77) (78,86,94) (81,91,101) (86,95,104) (34,36,38) (9,9,9) (24,25,26) (47,48,49) (87,99,111) (74,87,100) (50,52,54) (19,19,19) (60,67,74) 
(63,72,81) (16,18,20) (89,91,93) (62,69,76) (12,13,14) (41,43,45) (68,80,92) (63,63,63) (40,41,42) (78,82,86) (18,20,22) (28,31,34) (76,83,90) (53,55,57) (87,89,91) (5,5,5) (63,68,73) (36,38,40) (69,81,93) (37,41,45) 
(49,53,57) (55,63,71) (33,35,37) (62,69,76) (30,31,32) (37,39,41) (19,21,23) (91,97,103) (31,31,31) (10,11,12) (70,76,82) (25,29,33) (77,88,99) (58,68,78) (86,96,106) (74,79,84) (35,37,39) (9,9,9) (68,80,92) (85,88,91) 
(99,99,99) (7,8,9) (83,84,85) (70,70,70) (39,45,51) (88,91,94) (9,10,11) (83,97,111) (80,94,108) (68,73,78) (31,33,35) (17,20,23) (72,78,84) (39,43,47) (30,34,38) (92,92,92) (34,39,44) (34,36,38) (48,49,50) (66,73,80) 
(17,19,21) (15,16,17) (68,69,70) (82,96,110) (41,43,45) (8,8,8) (64,70,76) (8,9,10) (17,18,19) (35,41,47) (78,89,100) (38,40,42) (88,88,88) (88,89,90) (66,67,68) (58,58,58) (34,39,44) (44,44,44) (31,33,35) (17,17,17) 
(31,35,39) (65,76,87) (17,19,21) (56,57,58) (74,82,90) (94,99,104) (10,11,12) (34,39,44) (30,31,32) (24,25,26) (57,65,73) (2,2,2) (77,77,77) (70,70,70) (64,68,72) (23,25,27) (67,74,81) (46,46,46) (27,31,35) (27,31,35) 
(43,45,47) (55,61,67) (50,54,58) (65,72,79) (31,35,39) (63,68,73) (89,89,89) (19,19,19) (59,69,79) (10,10,10) (70,74,78) (48,56,64) (64,64,64) (10,11,12) (12,12,12) (42,42,42) (86,92,98) (82,82,82) (55,60,65) (18,19,20) 
(22,23,24) (67,73,79) (24,26,28) (4,4,4) (24,25,26) (6,6,6) (31,33,35) (29,29,29) (10,11,12) (78,82,86) (28,29,30) (48,53,58) (71,83,95) (56,61,66) (26,26,26) (68,79,90) (83,97,111) (82,93,104) (28,32,36) (61,61,61) 
(62,69,76) (79,86,93) (37,43,49) (10,11,12) (24,25,26) (67,76,85) (57,57,57) (33,34,35) (58,64,70) (31,33,35) (66,68,70) (79,90,101) (60,63,66) (35,38,41) (43,44,45) (45,52,59) (8,9,10) (50,53,56) (6,7,8) (69,77,85) 
(47,54,61) (57,62,67) (36,42,48) (57,63,69) (82,87,92) (91,98,105) (84,94,104) (65,70,75) (25,26,27) (12,14,16) (4,4,4) (82,85,88) (38,44,50) (62,71,80) (20,21,22) (36,37,38) (26,30,34) (46,46,46) (2,2,2) (76,76,76) 
(13,13,13) (6,7,8) (18,19,20) (4,4,4) (35,39,43) (55,57,59) (47,52,57) (91,98,105) (27,27,27) (54,54,54) (67,77,87) (73,82,91) (62,66,70) (92,96,100) (41,43,45) (72,78,84) (3,3,3) (12,12,12) (57,61,65) (60,67,74) 
(51,51,51) (48,49,50) (75,76,77) (26,30,34) (18,21,24) (88,98,108) (22,22,22) (64,64,64) (42,45,48) (13,14,15) (1,1,1) (72,79,86) (68,69,70) (14,14,14) (62,71,80) (77,77,77) (66,74,82) (65,65,65) (54,57,60) (58,63,68) 
(16,16,16) (8,9,10) (30,30,30) (55,62,69) (22,23,24) (44,47,50) (30,31,32) (21,22,23) (49,55,61) (99,99,99) (49,50,51) (37,42,47) (17,18,19) (43,49,55) (68,72,76) (53,56,59) (46,54,62) (89,95,101) (62,69,76) (86,93,100) 
(34,34,34) (87,90,93) (83,86,89) (45,45,45) (5,5,5) (98,99,100) (74,79,84) (84,95,106) (81,95,109) (82,82,82) (83,95,107) (37,43,49) (33,34,35) (86,95,104) (49,52,55) (43,46,49) (64,66,68) (12,13,14) (42,43,44) (43,47,51) 
(66,72,78) (3,3,3) (72,75,78) (31,32,33) (47,51,55) (53,57,61) (60,62,64) (48,51,54) (2,2,2) (97,98,99) (63,63,63) (57,60,63) (90,93,96) (49,56,63) (53,53,53) (83,90,97) (86,93,100) (41,47,53) (68,78,88) (28,31,34) 
(13,13,13) (85,87,89) (24,26,28) (72,73,74) (33,37,41) (64,65,66) (30,34,38) (67,77,87) (43,46,49) (29,33,37) (74,78,82) (50,51,52) (5,5,5) (73,73,73) (36,41,46) (67,71,75) (70,74,78) (42,44,46) (47,48,49) (51,52,53) 
(18,20,22) (37,40,43) (27,28,29) (53,58,63) (32,32,32) (66,73,80) (66,76,86) (81,84,87) (27,31,35) (36,38,40) (86,92,98) (12,13,14) (39,42,45) (67,76,85) (46,54,62) (4,4,4) (65,76,87) (7,7,7) (37,40,43) (24,28,32) 
(32,37,42) (77,79,81) (68,70,72) (42,49,56) (36,40,44) (23,25,27) (45,51,57) (59,66,73) (27,27,27) (93,94,95) (36,37,38) (34,35,36) (25,28,31) (79,85,91) (79,84,89) (32,37,42) (42,47,52) (51,53,55) (74,82,90) (84,86,88) 
(82,88,94) (87,97,107) (91,99,107) (81,81,81) (45,48,51) (3,3,3) (60,67,74) (62,62,62) (40,41,42) (50,53,56) (67,68,69) (64,70,76) (44,48,52) (96,98,100) (36,36,36) (29,29,29) (36,38,40) (1,1,1) (12,13,14) (74,83,92) 
(26,26,26) (81,82,83) (50,58,66) (12,13,14) (84,92,100) (31,35,39) (47,55,63) (77,88,99) (32,32,32) (69,75,81) (81,85,89) (94,98,102) (10,11,12) (38,39,40) (74,74,74) (59,61,63) (54,57,60) (59,59,59) (62,63,64) (46,53,60) 
(69,70,71) (24,28,32) (97,97,97) (73,81,89) (54,54,54) (59,60,61) (64,71,78) (14,15,16) (87,87,87) (23,25,27) (85,94,103) (34,39,44) (20,20,20) (74,74,74) (47,49,51) (79,82,85) (46,47,48) (56,62,68) (5,5,5) (23,24,25) 
(6,6,6) (7,8,9) (52,52,52) (37,41,45) (29,33,37) (50,52,54) (27,28,29) (59,61,63) (79,86,93) (76,88,100) (65,66,67) (12,13,14) (60,64,68) (82,94,106) (9,10,11) (9,9,9) (74,79,84) (54,56,58) (11,12,13) (69,74,79) 
(68,70,72) (94,99,104) (89,99,109) (25,25,25) (6,7,8) (38,43,48) (85,88,91) (67,75,83) (63,74,85) (38,44,50) (39,44,49) (72,80,88) (38,41,44) (64,74,84) (56,57,58) (78,84,90) (19,19,19) (26,27,28) (22,25,28) (77,78,79) 
(57,64,71) (83,88,93) (44,45,46) (51,54,57) (42,46,50) (47,53,59) (7,7,7) (94,96,98) (35,37,39) (82,92,102) (10,11,12) (36,38,40) (67,69,71) (82,93,104) (89,90,91) (28,28,28) (45,49,53) (70,78,86) (85,96,107) (40,45,50) 
(37,43,49) (86,86,86) (13,15,17) (1,1,1) (46,51,56) (7,7,7) (86,95,104) (77,80,83) (91,97,103) (3,3,3) (74,74,74) (93,97,101) (70,70,70) (88,89,90) (61,64,67) (86,97,108) (36,40,44) (32,32,32) (49,52,55) (61,64,67) 
