NUMBER OF JOBS
100
NUMBER OF RESOURCES
20
RESOURCE SEQUENCE
16 18 5 13 12 9 10 0 17 4 2 11 8 6 7 15 3 14 19 1 
6 9 17 10 1 7 11 13 0 5 14 4 8 3 12 18 19 2 15 16 
3 13 8 18 9 2 15 16 4 1 14 10 12 6 17 19 0 7 5 11 
10 4 13 18 19 12 9 17 3 7 8 6 14 2 11 1 15 16 0 5 
3 19 9 4 18 15 2 10 16 17 0 6 1 5 11 7 8 12 14 13 
1 7 13 16 17 5 8 4 12 19 6 3 18 0 11 14 2 10 15 9 
10 6 14 19 16 4 12 17 3 8 1 15 13 18 9 2 7 5 11 0 
1 14 13 12 19 7 15 16 17 0 10 11 6 2 8 4 18 3 9 5 
9 5 11 16 3 18 8 7 17 4 10 2 19 6 1 0 13 12 15 14 
10 5 6 12 1 4 7 11 13 19 2 3 17 15 14 8 9 18 16 0 
18 4 16 2 19 8 12 0 3 10 1 9 13 17 15 6 11 7 5 14 
15 11 8 17 12 2 0 5 3 19 16 14 9 10 6 1 7 4 13 18 
19 8 13 12 1 5 14 15 16 3 0 4 10 2 18 11 17 9 6 7 
4 6 9 15 1 12 0 14 10 18 17 13 2 8 16 3 11 7 5 19 
18 19 13 8 14 17 0 9 10 16 2 5 4 15 7 3 11 12 1 6 
5 16 1 18 0 13 6 12 4 15 9 14 3 17 8 10 19 11 7 2 
14 17 19 5 10 1 4 2 11 6 7 8 15 12 0 13 3 9 16 18 
1 5 6 17 12 8 19 14 9 4 11 13 15 16 10 7 18 3 0 2 
6 9 4 16 3 15 11 5 10 7 2 0 17 8 18 13 1 19 12 14 
10 12 3 6 14 2 17 11 5 9 8 7 15 4 18 0 19 1 16 13 
9 11 15 2 17 10 4 14 18 6 8 3 16 7 13 1 19 0 12 5 
3 17 19 8 12 11 1 6 14 7 0 18 2 15 10 4 16 9 13 5 
8 15 18 10 13 7 3 16 0 14 1 2 4 17 11 5 12 9 19 6 
11 0 6 1 7 9 10 14 12 15 13 8 19 5 2 4 18 17 3 16 
10 2 13 11 9 4 3 5 18 19 6 1 15 8 17 0 12 16 14 7 
18 1 9 3 12 6 10 13 17 5 0 4 11 2 15 16 7 19 8 14 
12 16 2 8 9 19 6 0 3 7 14 10 1 15 5 11 17 18 13 4 
1 4 8 15 2 14 6 18 13 12 10 16 0 9 7 3 17 19 5 11 
12 16 17 1 4 11 0 15 9 3 8 5 13 10 2 19 6 18 14 7 
6 10 2 18 5 3 13 11 4 7 17 12 19 8 9 0 1 16 14 15 
17 8 16 4 14 11 13 7 12 3 10 1 9 15 2 5 6 0 19 18 
3 5 4 1 15 16 17 12 7 14 11 13 18 10 19 6 0 9 8 2 
11 3 17 16 10 1 14 18 0 4 13 5 12 8 7 6 2 15 9 19 
11 3 8 9 2 15 0 12 7 14 13 4 10 17 6 16 18 1 5 19 
6 15 14 19 13 1 17 3 16 12 2 10 8 18 0 4 9 7 11 5 
1 14 16 8 2 3 6 18 12 5 10 7 19 4 13 0 17 11 15 9 
11 6 15 4 3 2 16 19 12 5 18 14 7 1 8 13 10 17 0 9 
16 14 9 12 6 2 5 1 11 8 3 15 13 18 19 10 4 17 7 0 
0 7 6 13 16 5 15 12 14 4 8 3 9 19 2 18 1 10 11 17 
5 3 2 0 13 4 16 6 9 10 7 15 8 19 18 12 14 11 17 1 
14 13 3 10 4 5 19 15 16 9 7 0 1 12 18 8 2 17 6 11 
14 19 5 11 7 3 9 1 4 2 15 6 12 17 0 13 18 8 10 16 
11 7 19 4 3 13 17 16 14 2 1 12 8 5 6 0 9 15 10 18 
4 15 8 19 1 13 18 2 17 0 5 11 6 3 7 14 16 9 12 10 
12 8 13 11 1 17 19 14 0 4 7 6 10 9 3 15 5 18 16 2 
18 1 19 2 5 8 17 4 11 9 14 12 7 0 16 6 13 3 15 10 
12 10 1 3 15 13 2 8 9 11 18 19 5 7 4 16 17 0 6 14 
7 6 12 10 8 14 9 1 16 5 0 11 3 4 19 17 13 18 15 2 
8 5 18 17 7 15 1 10 14 13 3 6 12 19 16 0 4 11 9 2 
5 13 4 19 7 12 10 2 9 14 17 1 11 15 6 16 18 3 0 8 
7 11 13 19 9 6 2 4 14 12 18 17 3 0 16 10 15 8 5 1 
5 2 4 18 7 14 13 16 8 19 17 15 11 9 12 3 1 10 0 6 
7 10 19 13 9 12 16 1 5 14 6 18 17 8 2 0 3 11 15 4 
0 1 3 18 14 10 5 9 4 6 12 11 15 8 7 13 17 19 16 2 
7 4 12 17 19 13 1 6 3 10 0 5 15 2 8 14 16 11 9 18 
5 16 13 8 18 3 15 12 17 14 1 7 9 10 4 6 19 11 0 2 
17 7 14 12 3 9 5 8 0 10 11 1 6 16 4 15 13 19 2 18 
5 14 7 9 10 12 15 19 18 13 8 1 0 17 6 4 2 3 16 11 
1 9 8 11 13 5 3 7 6 14 17 18 10 16 0 12 15 2 19 4 
19 16 10 17 14 13 4 3 5 6 2 8 11 15 9 1 7 0 18 12 
16 14 6 17 9 4 3 5 2 15 11 7 18 12 1 8 0 13 10 19 
7 15 3 12 9 17 13 10 11 1 14 16 6 0 2 19 5 8 4 18 
19 10 4 9 13 5 16 12 2 1 17 7 3 15 18 11 14 8 0 6 
1 10 3 17 11 0 5 6 15 9 16 2 14 18 4 7 12 8 19 13 
12 11 13 7 4 17 15 6 9 18 14 1 16 19 5 0 2 3 8 10 
19 0 16 10 13 18 4 14 17 11 15 7 2 8 9 1 12 6 5 3 
9 10 8 6 3 19 7 1 18 17 13 0 14 11 2 16 12 4 15 5 
13 4 2 19 3 9 8 12 14 18 10 0 5 11 17 16 1 7 6 15 
0 16 7 3 13 18 17 10 15 14 12 6 9 4 19 1 5 8 2 11 
19 0 5 16 6 18 13 11 2 15 12 4 3 10 1 7 14 9 8 17 
6 1 3 19 12 16 10 4 7 15 8 18 5 13 9 17 11 14 2 0 
4 9 8 14 5 0 10 1 2 6 7 19 18 12 17 15 11 3 13 16 
4 1 6 10 13 12 19 0 3 5 14 15 8 11 7 18 2 9 17 16 
6 10 5 0 18 9 19 16 8 15 11 3 14 1 2 4 13 12 17 7 
9 0 13 16 8 15 4 1 6 14 19 18 17 2 12 10 3 5 7 11 
18 14 3 8 6 0 12 9 16 11 19 10 7 4 13 15 17 2 1 5 
15 18 14 4 6 13 8 17 9 1 16 7 0 12 3 10 5 11 2 19 
1 10 0 12 9 6 13 8 2 11 19 14 4 3 15 7 18 17 16 5 
0 4 15 10 1 5 8 16 19 2 14 11 9 18 13 3 12 17 7 6 
10 5 17 3 4 7 13 16 0 19 14 2 6 1 11 9 15 12 18 8 
5 6 18 13 11 9 10 14 2 7 1 0 17 4 8 15 19 16 12 3 
18 9 6 12 10 3 13 1 7 14 17 0 11 4 19 16 8 15 2 5 
0 10 17 12 14 3 1 16 7 4 9 11 18 6 13 19 2 5 15 8 
14 12 3 11 10 16 1 2 0 5 17 8 6 19 7 15 9 4 13 18 
3 14 11 13 8 18 7 0 19 4 16 9 15 10 2 12 17 5 6 1 
8 4 17 15 0 11 13 6 12 3 2 7 5 1 9 16 18 19 14 10 
3 18 19 7 15 2 14 12 10 5 0 17 13 8 4 9 11 16 6 1 
1 3 18 7 16 0 9 13 12 6 4 11 8 14 2 19 5 17 10 15 
0 11 16 14 4 1 7 5 2 17 10 15 18 8 3 19 12 9 6 13 
16 18 11 3 17 5 4 19 15 13 7 0 14 1 8 6 12 2 9 10 
16 8 15 6 11 13 5 9 12 10 3 0 18 1 17 19 14 2 7 4 
19 0 3 14 11 10 9 4 16 8 12 7 13 2 6 18 17 5 15 1 
12 16 8 0 5 4 10 13 2 19 14 18 11 15 6 3 1 17 9 7 
4 1 16 13 10 14 12 7 8 11 15 17 9 3 0 6 19 5 2 18 
3 0 17 6 5 12 13 18 19 14 4 9 2 7 16 11 1 10 15 8 
2 19 9 14 3 1 0 16 6 7 15 17 11 13 18 12 4 5 8 10 
16 18 7 17 1 10 8 12 2 11 0 14 9 4 5 6 15 13 3 19 
13 15 9 12 7 0 16 19 2 1 8 10 11 6 18 4 14 3 17 5 
9 5 14 7 3 4 19 16 17 12 6 1 11 13 8 10 15 2 0 18 
11 4 8 12 3 2 10 13 16 18 17 0 1 9 5 15 19 6 14 7 
PROCESSING TIMES
(73,83,93) (43,46,49) (61,63,65) (18,19,20) (25,28,31) (75,87,99) (88,91,94) (52,61,70) (12,14,16) (76,84,92) (8,9,10) (87,91,95) (21,24,27) (27,28,29) (54,60,66) (24,26,28) (11,11,11) (6,6,6) (4,4,4) (82,96,110) 
(60,70,80) (64,72,80) (44,45,46) (48,50,52) (1,1,1) (46,46,46) (60,67,74) (43,43,43) (73,75,77) (43,44,45) (56,62,68) (89,91,93) (85,99,113) (87,96,105) (30,34,38) (54,60,66) (96,96,96) (19,19,19) (10,10,10) (47,52,57) 
(83,94,105) (42,42,42) (74,82,90) (35,39,43) (32,33,34) (44,48,52) (42,42,42) (29,32,35) (68,69,70) (80,93,106) (60,65,70) (72,74,76) (43,47,51) (3,3,3) (30,31,32) (52,55,58) (73,81,89) (89,91,93) (71,71,71) (58,66,74) 
(47,49,51) (19,20,21) (36,37,38) (93,95,97) (23,24,25) (6,6,6) (56,65,74) (33,34,35) (54,63,72) (49,50,51) (11,12,13) (55,64,73) (52,56,60) (29,31,33) (34,37,40) (80,93,106) (80,89,98) (30,32,34) (88,96,104) (41,47,53) 
(32,35,38) (13,15,17) (62,66,70) (89,89,89) (69,72,75) (40,47,54) (55,58,61) (29,34,39) (54,61,68) (49,50,51) (15,17,19) (30,31,32) (79,80,81) (72,84,96) (12,13,14) (38,43,48) (93,96,99) (68,73,78) (37,37,37) (86,97,108) 
(50,56,62) (63,64,65) (14,15,16) (68,78,88) (32,35,38) (70,71,72) (85,85,85) (62,63,64) (35,36,37) (88,91,94) (41,48,55) (23,26,29) (13,14,15) (52,55,58) (5,5,5) (57,62,67) (56,57,58) (90,94,98) (49,53,57) (6,6,6) 
(92,97,102) (18,18,18) (12,12,12) (63,65,67) (75,77,79) (63,69,75) (24,27,30) (73,78,83) (30,34,38) (51,59,67) (2,2,2) (21,22,23) (67,77,87) (47,51,55) (6,6,6) (25,25,25) (6,6,6) (47,49,51) (6,7,8) (85,97,109) 
(78,83,88) (26,27,28) (30,34,38) (87,98,109) (36,41,46) (43,43,43) (21,22,23) (4,4,4) (43,45,47) (17,19,21) (42,44,46) (62,62,62) (68,79,90) (12,12,12) (31,31,31) (57,60,63) (31,34,37) (85,93,101) (87,95,103) (1,1,1) 
(34,39,44) (73,74,75) (80,94,108) (66,68,70) (77,77,77) (9,10,11) (26,29,32) (52,60,68) (13,13,13) (36,38,40) (42,44,46) (56,64,72) (57,61,65) (95,95,95) (73,73,73) (35,37,39) (36,37,38) (2,2,2) (12,13,14) (30,32,34) 
(12,12,12) (54,60,66) (38,43,48) (11,12,13) (38,40,42) (74,78,82) (60,66,72) (24,25,26) (69,76,83) (27,28,29) (60,68,76) (59,59,59) (10,10,10) (69,77,85) (75,87,99) (80,93,106) (43,45,47) (42,44,46) (95,95,95) (21,23,25) 
(53,55,57) (56,61,66) (60,62,64) (43,49,55) (59,62,65) (91,94,97) (2,2,2) (87,93,99) (33,35,37) (74,82,90) (63,63,63) (24,25,26) (84,84,84) (52,61,70) (57,60,63) (84,95,106) (37,42,47) (19,19,19) (1,1,1) (95,99,103) 
(13,13,13) (54,55,56) (30,31,32) (33,34,35) (61,70,79) (83,95,107) (84,86,88) (29,33,37) (58,64,70) (9,10,11) (88,97,106) (10,11,12) (78,79,80) (49,53,57) (76,87,98) (5,5,5) (96,97,98) (78,78,78) (73,82,91) (54,58,62) 
(58,68,78) (23,25,27) (8,8,8) (46,48,50) (74,86,98) (24,26,28) (57,66,75) (89,96,103) (26,27,28) (75,77,79) (19,20,21) (5,5,5) (10,10,10) (62,64,66) (59,66,73) (51,57,63) (65,74,83) (96,96,96) (11,11,11) (71,83,95) 
(31,33,35) (39,44,49) (20,21,22) (29,31,33) (11,12,13) (18,19,20) (84,85,86) (14,16,18) (78,79,80) (98,98,98) (19,20,21) (17,18,19) (20,21,22) (71,77,83) (16,18,20) (40,45,50) (56,58,60) (43,49,55) (87,94,101) (81,88,95) 
(71,71,71) (32,36,40) (83,83,83) (42,48,54) (22,23,24) (73,84,95) (17,18,19) (86,95,104) (24,26,28) (87,94,101) (60,60,60) (24,28,32) (81,81,81) (69,71,73) (75,75,75) (57,63,69) (34,40,46) (62,65,68) (32,34,36) (86,97,108) 
(12,13,14) (47,50,53) (15,15,15) (83,85,87) (22,23,24) (54,57,60) (91,93,95) (84,84,84) (64,74,84) (52,55,58) (86,94,102) (13,13,13) (93,99,105) (10,10,10) (57,59,61) (53,60,67) (91,95,99) (73,76,79) (59,69,79) (12,14,16) 
(43,44,45) (61,64,67) (26,29,32) (66,69,72) (85,96,107) (23,23,23) (26,27,28) (4,4,4) (13,13,13) (7,8,9) (56,59,62) (29,29,29) (3,3,3) (70,79,88) (13,14,15) (45,45,45) (55,59,63) (80,85,90) (2,2,2) (68,75,82) 
(38,40,42) (29,33,37) (11,11,11) (61,61,61) (14,16,18) (73,85,97) (90,95,100) (74,83,92) (78,82,86) (84,94,104) (35,37,39) (43,50,57) (57,61,65) (75,82,89) (31,36,41) (6,6,6) (14,14,14) (2,2,2) (89,99,109) (68,78,88) 
(65,73,81) (41,48,55) (7,8,9) (29,34,39) (70,80,90) (59,67,75) (47,47,47) (12,13,14) (95,99,103) (10,10,10) (28,31,34) (61,65,69) (64,65,66) (24,26,28) (3,3,3) (44,47,50) (62,68,74) (10,11,12) (11,12,13) (41,43,45) 
(59,64,69) (42,45,48) (17,18,19) (22,24,26) (8,9,10) (38,39,40) (93,98,103) (47,51,55) (26,28,30) (17,18,19) (33,34,35) (2,2,2) (16,18,20) (21,24,27) (72,82,92) (36,36,36) (43,48,53) (50,51,52) (2,2,2) (83,86,89) 
(65,68,71) (65,72,79) (50,54,58) (26,29,32) (77,85,93) (10,11,12) (35,36,37) (31,35,39) (8,8,8) (43,47,51) (63,70,77) (56,56,56) (32,32,32) (93,97,101) (25,27,29) (31,32,33) (76,77,78) (44,50,56) (15,15,15) (58,64,70) 
(55,57,59) (4,4,4) (79,87,95) (42,45,48) (64,72,80) (84,84,84) (56,64,72) (13,13,13) (29,33,37) (82,93,104) (19,20,21) (29,31,33) (63,69,75) (88,96,104) (56,59,62) (84,87,90) (79,82,85) (84,91,98) (89,91,93) (13,15,17) 
(39,40,41) (86,98,110) (89,95,101) (93,96,99) (24,28,32) (88,91,94) (56,65,74) (28,31,34) (11,12,13) (22,25,28) (10,11,12) (11,11,11) (61,69,77) (73,77,81) (45,52,59) (15,17,19) (44,44,44) (36,42,48) (71,76,81) (84,89,94) 
(83,86,89) (26,26,26) (67,77,87) (52,59,66) (48,54,60) (17,17,17) (8,9,10) (37,37,37) (29,29,29) (34,37,40) (38,42,46) (26,26,26) (72,84,96) (95,98,101) (49,53,57) (46,50,54) (73,75,77) (34,37,40) (81,93,105) (51,60,69) 
(42,49,56) (58,67,76) (32,35,38) (60,64,68) (10,10,10) (16,17,18) (1,1,1) (6,6,6) (73,82,91) (67,75,83) (29,32,35) (41,41,41) (25,26,27) (86,93,100) (73,74,75) (85,90,95) (30,33,36) (32,35,38) (92,99,106) (43,50,57) 
(33,35,37) (63,71,79) (51,57,63) (45,46,47) (11,11,11) (38,44,50) (74,86,98) (53,53,53) (4,4,4) (1,1,1) (22,22,22) (2,2,2) (34,40,46) (70,82,94) (56,60,64) (87,91,95) (3,3,3) (44,45,46) (75,79,83) (72,72,72) 
(49,55,61) (49,56,63) (90,96,102) (29,29,29) (28,28,28) (7,8,9) (25,29,33) (24,26,28) (75,78,81) (23,27,31) (28,29,30) (81,82,83) (27,31,35) (56,58,60) (1,1,1) (77,83,89) (53,55,57) (78,81,84) (26,28,30) (93,99,105) 
(65,71,77) (37,42,47) (21,23,25) (55,55,55) (56,59,62) (93,97,101) (80,86,92) (19,20,21) (79,86,93) (30,32,34) (55,57,59) (59,63,67) (16,18,20) (83,95,107) (36,39,42) (86,90,94) (3,3,3) (34,37,40) (80,87,94) (77,85,93) 
(52,60,68) (41,44,47) (72,77,82) (20,22,24) (68,75,82) (4,4,4) (6,6,6) (64,68,72) (6,6,6) (19,19,19) (77,82,87) (93,95,97) (33,36,39) (43,48,53) (6,7,8) (88,88,88) (49,54,59) (2,2,2) (74,75,76) (12,13,14) 
(6,7,8) (77,77,77) (66,77,88) (12,13,14) (89,97,105) (22,22,22) (21,21,21) (78,88,98) (79,90,101) (89,95,101) (10,11,12) (28,30,32) (56,61,66) (11,11,11) (39,39,39) (47,48,49) (79,88,97) (51,58,65) (22,23,24) (82,89,96) 
(56,56,56) (61,65,69) (5,5,5) (89,89,89) (87,99,111) (56,60,64) (69,73,77) (53,56,59) (61,68,75) (63,63,63) (48,48,48) (68,70,72) (50,51,52) (6,7,8) (8,8,8) (6,7,8) (43,43,43) (16,18,20) (17,18,19) (71,81,91) 
(50,52,54) (13,15,17) (65,75,85) (64,66,68) (80,92,104) (65,66,67) (14,16,18) (95,96,97) (65,72,79) (34,35,36) (24,26,28) (19,21,23) (59,69,79) (74,86,98) (15,15,15) (54,60,66) (6,6,6) (61,61,61) (2,2,2) (7,8,9) 
(90,92,94) (78,84,90) (16,16,16) (25,27,29) (66,77,88) (76,82,88) (60,67,74) (65,74,83) (78,81,84) (84,92,100) (64,75,86) (91,92,93) (50,50,50) (71,83,95) (39,43,47) (36,42,48) (43,49,55) (50,51,52) (35,36,37) (89,89,89) 
(39,42,45) (86,97,108) (2,2,2) (66,70,74) (55,59,63) (53,57,61) (28,30,32) (20,23,26) (44,49,54) (19,20,21) (63,68,73) (10,10,10) (52,61,70) (74,84,94) (14,15,16) (52,58,64) (25,28,31) (58,61,64) (59,67,75) (10,10,10) 
(28,29,30) (57,57,57) (23,26,29) (71,79,87) (70,71,72) (15,15,15) (43,46,49) (73,74,75) (6,6,6) (95,97,99) (48,51,54) (3,3,3) (63,63,63) (72,79,86) (80,85,90) (79,86,93) (40,43,46) (21,22,23) (1,1,1) (35,39,43) 
(71,82,93) (30,35,40) (20,20,20) (48,49,50) (84,97,110) (14,15,16) (29,34,39) (85,92,99) (20,23,26) (57,60,63) (12,13,14) (46,52,58) (38,38,38) (30,34,38) (62,68,74) (88,97,106) (1,1,1) (18,18,18) (63,73,83) (62,72,82) 
(4,4,4) (82,86,90) (2,2,2) (21,24,27) (42,42,42) (69,70,71) (48,55,62) (45,45,45) (44,49,54) (96,96,96) (74,78,82) (68,73,78) (1,1,1) (45,48,51) (15,17,19) (47,53,59) (13,15,17) (46,48,50) (81,86,91) (4,4,4) 
(74,87,100) (39,40,41) (51,55,59) (7,7,7) (32,33,34) (39,44,49) (76,78,80) (21,21,21) (48,48,48) (87,92,97) (59,60,61) (66,69,72) (32,32,32) (64,75,86) (84,89,94) (70,72,74) (62,62,62) (6,7,8) (44,50,56) (22,22,22) 
(72,74,76) (45,52,59) (73,82,91) (22,25,28) (23,24,25) (87,93,99) (74,74,74) (53,58,63) (75,83,91) (2,2,2) (11,12,13) (70,76,82) (83,97,111) (1,1,1) (11,11,11) (27,29,31) (55,57,59) (36,41,46) (25,29,33) (67,78,89) 
(28,32,36) (76,83,90) (68,80,92) (85,89,93) (98,99,100) (25,25,25) (5,5,5) (27,29,31) (76,77,78) (37,41,45) (6,6,6) (71,77,83) (70,71,72) (20,21,22) (12,14,16) (73,73,73) (55,61,67) (24,26,28) (51,54,57) (97,99,101) 
(19,19,19) (40,40,40) (68,68,68) (4,4,4) (86,99,112) (70,72,74) (18,18,18) (45,45,45) (29,33,37) (40,41,42) (33,38,43) (64,75,86) (57,61,65) (8,8,8) (66,73,80) (74,80,86) (65,73,81) (61,64,67) (32,33,34) (14,14,14) 
(74,77,80) (61,61,61) (19,21,23) (81,82,83) (73,77,81) (21,24,27) (87,96,105) (31,35,39) (11,11,11) (22,23,24) (67,77,87) (79,86,93) (8,8,8) (5,5,5) (41,43,45) (11,12,13) (29,34,39) (29,31,33) (40,44,48) (13,15,17) 
(48,51,54) (58,63,68) (17,19,21) (12,14,16) (5,5,5) (48,50,52) (16,18,20) (4,4,4) (77,84,91) (43,50,57) (41,41,41) (39,39,39) (86,98,110) (63,67,71) (27,31,35) (58,59,60) (68,69,70) (87,91,95) (62,67,72) (29,34,39) 
(83,92,101) (54,57,60) (70,73,76) (72,80,88) (53,57,61) (66,77,88) (74,83,92) (91,97,103) (46,47,48) (94,95,96) (78,84,90) (9,9,9) (52,56,60) (46,51,56) (31,32,33) (11,11,11) (59,67,75) (44,46,48) (44,50,56) (65,69,73) 
(35,40,45) (1,1,1) (45,51,57) (33,33,33) (64,75,86) (60,63,66) (61,62,63) (49,54,59) (34,36,38) (15,17,19) (55,59,63) (83,96,109) (65,68,71) (39,44,49) (53,57,61) (87,89,91) (44,50,56) (8,9,10) (10,11,12) (10,10,10) 
(42,45,48) (91,99,107) (86,92,98) (7,8,9) (71,77,83) (15,15,15) (77,80,83) (12,13,14) (47,50,53) (28,30,32) (66,66,66) (9,9,9) (66,77,88) (64,72,80) (25,26,27) (85,96,107) (85,85,85) (54,58,62) (42,43,44) (40,42,44) 
(56,56,56) (24,28,32) (74,81,88) (18,20,22) (11,12,13) (14,14,14) (45,47,49) (83,83,83) (59,64,69) (44,44,44) (38,42,46) (65,68,71) (84,95,106) (15,17,19) (47,55,63) (54,62,70) (69,69,69) (64,71,78) (91,93,95) (12,12,12) 
(15,17,19) (25,26,27) (97,98,99) (45,49,53) (71,78,85) (35,36,37) (86,87,88) (95,96,97) (28,32,36) (23,23,23) (52,56,60) (73,84,95) (20,21,22) (65,69,73) (86,98,110) (9,9,9) (67,75,83) (67,78,89) (30,32,34) (54,57,60) 
(33,33,33) (82,82,82) (67,69,71) (31,32,33) (58,61,64) (49,49,49) (53,61,69) (95,98,101) (72,81,90) (57,61,65) (17,19,21) (60,63,66) (45,46,47) (80,81,82) (20,22,24) (68,80,92) (42,43,44) (17,20,23) (55,57,59) (30,31,32) 
(91,97,103) (60,65,70) (82,83,84) (53,61,69) (32,35,38) (85,85,85) (91,98,105) (52,56,60) (18,21,24) (83,96,109) (17,20,23) (68,79,90) (62,70,78) (36,38,40) (30,31,32) (56,57,58) (29,33,37) (71,83,95) (52,58,64) (29,29,29) 
(32,37,42) (22,23,24) (29,32,35) (81,94,107) (85,86,87) (42,44,46) (6,6,6) (59,61,63) (20,22,24) (15,15,15) (41,42,43) (65,67,69) (34,36,38) (75,83,91) (48,52,56) (47,49,51) (5,5,5) (84,85,86) (58,63,68) (53,60,67) 
(98,99,100) (82,95,108) (57,66,75) (59,61,63) (5,5,5) (6,6,6) (57,57,57) (3,3,3) (35,37,39) (74,87,100) (27,27,27) (11,11,11) (27,28,29) (56,61,66) (85,93,101) (74,74,74) (5,5,5) (39,42,45) (45,45,45) (51,51,51) 
(16,18,20) (38,44,50) (4,4,4) (60,65,70) (76,82,88) (91,97,103) (26,28,30) (55,62,69) (34,36,38) (96,96,96) (65,76,87) (54,59,64) (45,51,57) (16,16,16) (83,89,95) (38,39,40) (49,55,61) (9,10,11) (23,24,25) (62,62,62) 
(78,78,78) (7,8,9) (8,9,10) (4,4,4) (43,48,53) (42,48,54) (76,77,78) (61,65,69) (64,71,78) (4,4,4) (18,18,18) (82,93,104) (63,70,77) (38,41,44) (27,27,27) (77,85,93) (57,62,67) (17,20,23) (26,27,28) (88,90,92) 
(55,57,59) (1,1,1) (12,14,16) (11,11,11) (37,38,39) (64,74,84) (6,6,6) (72,72,72) (15,16,17) (11,11,11) (24,25,26) (5,5,5) (76,86,96) (77,83,89) (5,5,5) (39,41,43) (52,52,52) (37,39,41) (71,80,89) (71,74,77) 
(69,76,83) (41,47,53) (32,33,34) (31,31,31) (54,61,68) (76,78,80) (26,27,28) (64,68,72) (31,34,37) (87,99,111) (40,44,48) (57,64,71) (12,13,14) (39,45,51) (54,55,56) (17,19,21) (86,99,112) (33,34,35) (84,84,84) (63,74,85) 
(34,38,42) (74,79,84) (6,6,6) (8,8,8) (12,12,12) (71,72,73) (4,4,4) (4,4,4) (8,8,8) (53,55,57) (21,23,25) (74,77,80) (48,52,56) (52,55,58) (54,54,54) (27,30,33) (74,84,94) (69,79,89) (66,66,66) (20,21,22) 
(58,59,60) (31,31,31) (83,83,83) (55,57,59) (67,67,67) (15,17,19) (70,70,70) (21,23,25) (12,14,16) (52,54,56) (10,10,10) (23,24,25) (79,79,79) (58,67,76) (69,77,85) (89,90,91) (6,7,8) (85,94,103) (33,34,35) (65,69,73) 
(35,36,37) (6,7,8) (23,27,31) (16,16,16) (16,16,16) (10,10,10) (56,60,64) (70,78,86) (69,80,91) (6,7,8) (36,37,38) (73,76,79) (29,31,33) (33,36,39) (23,26,29) (63,63,63) (77,78,79) (67,78,89) (89,92,95) (40,46,52) 
(66,71,76) (56,60,64) (73,74,75) (25,29,33) (25,27,29) (52,57,62) (73,83,93) (5,5,5) (12,12,12) (60,68,76) (94,96,98) (24,25,26) (49,50,51) (83,85,87) (21,23,25) (1,1,1) (67,77,87) (64,74,84) (20,21,22) (30,33,36) 
(24,24,24) (18,21,24) (80,94,108) (4,4,4) (3,3,3) (4,4,4) (50,56,62) (21,23,25) (67,70,73) (37,42,47) (59,68,77) (86,98,110) (48,48,48) (46,48,50) (9,9,9) (91,98,105) (56,64,72) (69,69,69) (55,56,57) (84,84,84) 
(92,99,106) (51,52,53) (51,52,53) (69,72,75) (81,95,109) (9,10,11) (87,94,101) (50,51,52) (67,77,87) (12,13,14) (74,82,90) (59,61,63) (61,68,75) (39,39,39) (59,60,61) (43,43,43) (84,94,104) (28,28,28) (33,36,39) (77,77,77) 
(4,4,4) (41,45,49) (11,11,11) (14,16,18) (92,98,104) (92,94,96) (18,20,22) (97,99,101) (84,89,94) (62,63,64) (32,35,38) (65,72,79) (88,88,88) (20,22,24) (70,72,74) (69,71,73) (67,69,71) (50,50,50) (76,77,78) (36,40,44) 
(58,67,76) (77,90,103) (42,46,50) (9,10,11) (17,19,21) (24,24,24) (32,36,40) (36,38,40) (64,73,82) (65,74,83) (32,33,34) (16,17,18) (8,9,10) (14,15,16) (90,95,100) (31,33,35) (43,46,49) (73,85,97) (34,34,34) (46,51,56) 
(8,9,10) (8,8,8) (90,97,104) (55,64,73) (58,64,70) (95,96,97) (31,33,35) (23,26,29) (77,88,99) (63,67,71) (18,20,22) (16,18,20) (59,67,75) (44,51,58) (70,77,84) (42,43,44) (75,77,79) (81,83,85) (9,9,9) (18,20,22) 
(43,43,43) (21,21,21) (49,51,53) (33,35,37) (11,11,11) (29,30,31) (82,89,96) (43,48,53) (64,70,76) (61,62,63) (50,56,62) (91,94,97) (12,12,12) (25,25,25) (81,83,85) (21,21,21) (80,91,102) (70,80,90) (42,43,44) (75,75,75) 
(12,13,14) (34,35,36) (38,43,48) (70,80,90) (52,53,54) (11,11,11) (91,97,103) (27,29,31) (83,83,83) (6,6,6) (63,73,83) (9,10,11) (52,55,58) (32,32,32) (49,49,49) (48,50,52) (22,22,22) (83,86,89) (17,20,23) (75,81,87) 
(53,55,57) (19,22,25) (82,91,100) (56,63,70) (13,15,17) (5,5,5) (89,96,103) (53,53,53) (62,68,74) (5,5,5) (59,59,59) (17,18,19) (74,87,100) (67,76,85) (18,19,20) (92,92,92) (16,18,20) (17,17,17) (17,20,23) (28,29,30) 
(8,8,8) (2,2,2) (29,32,35) (12,12,12) (54,55,56) (23,27,31) (9,9,9) (52,60,68) (38,44,50) (79,86,93) (61,66,71) (49,52,55) (31,35,39) (21,21,21) (74,76,78) (45,50,55) (52,58,64) (25,25,25) (23,26,29) (20,22,24) 
(16,18,20) (86,94,102) (80,83,86) (44,51,58) (91,91,91) (64,74,84) (8,9,10) (26,29,32) (81,93,105) (72,75,78) (61,62,63) (46,46,46) (60,68,76) (72,77,82) (29,34,39) (64,65,66) (68,73,78) (73,73,73) (40,40,40) (44,44,44) 
(48,53,58) (17,17,17) (48,56,64) (36,38,40) (60,63,66) (60,65,70) (37,38,39) (65,65,65) (43,48,53) (53,59,65) (39,40,41) (29,33,37) (15,15,15) (78,86,94) (66,66,66) (37,38,39) (83,95,107) (70,80,90) (45,47,49) (9,10,11) 
(36,40,44) (59,68,77) (47,53,59) (63,69,75) (19,22,25) (92,97,102) (44,49,54) (64,71,78) (71,82,93) (77,78,79) (3,3,3) (16,17,18) (20,20,20) (52,52,52) (7,8,9) (5,5,5) (92,99,106) (62,64,66) (77,85,93) (53,61,69) 
(83,94,105) (12,12,12) (33,38,43) (63,68,73) (48,48,48) (30,33,36) (8,8,8) (40,42,44) (78,81,84) (50,54,58) (61,67,73) (60,63,66) (40,45,50) (44,44,44) (10,11,12) (44,48,52) (23,25,27) (23,26,29) (55,56,57) (41,48,55) 
(58,59,60) (37,38,39) (76,83,90) (42,43,44) (7,8,9) (26,29,32) (54,56,58) (50,54,58) (33,34,35) (35,41,47) (45,51,57) (76,89,102) (76,83,90) (13,13,13) (54,61,68) (13,13,13) (29,33,37) (5,5,5) (32,36,40) (9,10,11) 
(80,94,108) (41,42,43) (51,54,57) (38,41,44) (69,78,87) (71,80,89) (47,53,59) (86,98,110) (9,10,11) (85,86,87) (19,19,19) (71,72,73) (21,24,27) (87,96,105) (6,6,6) (14,14,14) (24,27,30) (18,19,20) (18,19,20) (78,88,98) 
(57,63,69) (30,34,38) (60,66,72) (75,80,85) (59,61,63) (12,12,12) (30,30,30) (27,31,35) (34,40,46) (89,94,99) (91,92,93) (79,89,99) (51,58,65) (43,49,55) (29,29,29) (83,93,103) (1,1,1) (48,56,64) (48,50,52) (85,99,113) 
(97,97,97) (70,72,74) (26,27,28) (34,38,42) (64,72,80) (82,90,98) (88,91,94) (50,51,52) (8,9,10) (13,14,15) (57,67,77) (59,65,71) (4,4,4) (12,13,14) (73,84,95) (1,1,1) (19,20,21) (66,73,80) (12,12,12) (59,62,65) 
(74,82,90) (79,84,89) (45,45,45) (40,46,52) (5,5,5) (23,25,27) (27,31,35) (53,60,67) (11,12,13) (29,32,35) (20,21,22) (47,50,53) (72,77,82) (31,36,41) (83,86,89) (34,34,34) (10,11,12) (12,12,12) (60,60,60) (1,1,1) 
(35,41,47) (21,22,23) (18,20,22) (65,76,87) (39,45,51) (56,60,64) (91,97,103) (71,82,93) (31,33,35) (54,59,64) (42,48,54) (58,58,58) (82,95,108) (42,45,48) (21,21,21) (77,85,93) (71,82,93) (46,50,54) (18,18,18) (18,21,24) 
(20,21,22) (66,66,66) (28,31,34) (14,15,16) (88,92,96) (10,11,12) (30,34,38) (44,46,48) (28,28,28) (95,96,97) (71,72,73) (79,79,79) (75,85,95) (77,78,79) (29,31,33) (73,76,79) (22,25,28) (2,2,2) (17,20,23) (58,67,76) 
(75,77,79) (36,39,42) (67,71,75) (74,83,92) (60,70,80) (44,47,50) (30,32,34) (10,11,12) (26,26,26) (1,1,1) (75,75,75) (16,17,18) (70,77,84) (89,98,107) (5,5,5) (10,10,10) (10,11,12) (29,33,37) (69,73,77) (61,67,73) 
(15,16,17) (36,39,42) (26,29,32) (25,27,29) (70,70,70) (50,52,54) (10,11,12) (25,26,27) (59,62,65) (17,19,21) (98,99,100) (34,38,42) (89,95,101) (13,13,13) (3,3,3) (41,44,47) (30,30,30) (43,46,49) (66,72,78) (84,89,94) 
(59,65,71) (87,97,107) (22,23,24) (36,38,40) (56,57,58) (64,73,82) (32,33,34) (11,11,11) (8,9,10) (82,96,110) (4,4,4) (72,78,84) (38,38,38) (46,54,62) (54,63,72) (86,98,110) (75,86,97) (58,58,58) (44,49,54) (88,96,104) 
(82,95,108) (78,86,94) (55,58,61) (41,46,51) (51,51,51) (97,99,101) (54,59,64) (4,4,4) (31,33,35) (6,6,6) (49,50,51) (43,49,55) (59,62,65) (63,69,75) (36,37,38) (57,65,73) (11,12,13) (52,56,60) (81,88,95) (74,82,90) 
(53,61,69) (49,53,57) (29,33,37) (5,5,5) (35,38,41) (59,63,67) (32,35,38) (66,74,82) (52,56,60) (52,54,56) (66,73,80) (17,17,17) (53,61,69) (43,49,55) (4,4,4) (71,76,81) (11,11,11) (56,64,72) (70,70,70) (50,50,50) 
(16,17,18) (32,35,38) (67,73,79) (25,28,31) (77,81,85) (17,18,19) (88,95,102) (26,26,26) (93,93,93) (28,32,36) (3,3,3) (35,39,43) (13,13,13) (93,97,101) (89,94,99) (49,53,57) (11,11,11) (74,80,86) (27,30,33) (28,28,28) 
(1,1,1) (95,98,101) (32,32,32) (48,56,64) (34,39,44) (26,29,32) (33,33,33) (82,82,82) (53,57,61) (16,17,18) (36,39,42) (76,77,78) (73,73,73) (11,12,13) (91,91,91) (59,67,75) (72,72,72) (89,94,99) (13,14,15) (73,73,73) 
(33,36,39) (47,48,49) (59,66,73) (22,23,24) (49,52,55) (87,92,97) (85,90,95) (1,1,1) (1,1,1) (35,39,43) (49,49,49) (25,25,25) (4,4,4) (14,16,18) (70,74,78) (32,36,40) (49,51,53) (57,61,65) (14,16,18) (53,56,59) 
(80,90,100) (19,21,23) (99,99,99) (28,29,30) (47,49,51) (13,13,13) (93,94,95) (25,26,27) (17,20,23) (63,73,83) (21,21,21) (24,28,32) (46,54,62) (3,3,3) (95,97,99) (39,43,47) (45,48,51) (51,55,59) (19,20,21) (61,70,79) 
(62,64,66) (6,6,6) (66,72,78) (68,74,80) (24,25,26) (41,43,45) (7,8,9) (19,20,21) (78,80,82) (84,89,94) (6,6,6) (44,44,44) (2,2,2) (6,6,6) (54,54,54) (49,51,53) (40,41,42) (87,98,109) (90,90,90) (87,94,101) 
(84,91,98) (52,59,66) (23,27,31) (59,65,71) (44,45,46) (22,22,22) (88,97,106) (53,53,53) (63,72,81) (46,47,48) (87,98,109) (42,49,56) (71,76,81) (75,86,97) (78,82,86) (51,52,53) (62,62,62) (42,48,54) (35,37,39) (24,25,26) 
(93,97,101) (27,28,29) (84,87,90) (50,56,62) (90,96,102) (14,14,14) (72,78,84) (5,5,5) (29,29,29) (12,14,16) (64,73,82) (50,52,54) (2,2,2) (29,34,39) (18,19,20) (15,16,17) (19,21,23) (73,79,85) (63,71,79) (6,6,6) 
(80,93,106) (12,14,16) (77,82,87) (75,81,87) (48,55,62) (46,54,62) (50,51,52) (59,61,63) (19,22,25) (25,28,31) (3,3,3) (32,35,38) (19,22,25) (41,46,51) (79,80,81) (65,66,67) (90,92,94) (2,2,2) (17,17,17) (54,61,68) 
(50,53,56) (2,2,2) (48,51,54) (56,65,74) (67,75,83) (13,14,15) (12,13,14) (50,51,52) (17,18,19) (71,79,87) (23,25,27) (52,52,52) (46,49,52) (39,43,47) (49,49,49) (81,83,85) (34,36,38) (53,54,55) (39,43,47) (66,72,78) 
(1,1,1) (32,32,32) (65,66,67) (52,52,52) (84,90,96) (7,8,9) (30,33,36) (71,72,73) (79,80,81) (34,40,46) (35,38,41) (89,98,107) (64,71,78) (85,98,111) (12,14,16) (35,35,35) (21,23,25) (21,22,23) (22,23,24) (81,93,105) 
(48,49,50) (16,16,16) (82,85,88) (9,9,9) (61,61,61) (21,21,21) (74,86,98) (14,14,14) (70,81,92) (59,59,59) (31,34,37) (59,59,59) (19,19,19) (77,85,93) (26,29,32) (67,67,67) (43,46,49) (81,90,99) (36,42,48) (23,23,23) 
(25,25,25) (80,84,88) (4,4,4) (51,53,55) (89,91,93) (1,1,1) (24,26,28) (18,19,20) (86,98,110) (97,97,97) (5,5,5) (22,24,26) (65,76,87) (27,28,29) (18,18,18) (78,81,84) (64,70,76) (73,84,95) (11,11,11) (57,66,75) 
(5,5,5) (6,6,6) (76,81,86) (43,49,55) (27,30,33) (75,77,79) (41,44,47) (2,2,2) (71,73,75) (69,78,87) (14,15,16) (37,38,39) (37,39,41) (78,88,98) (71,72,73) (61,69,77) (27,30,33) (6,6,6) (45,46,47) (6,7,8) 
(35,41,47) (12,14,16) (75,85,95) (1,1,1) (62,69,76) (8,9,10) (37,43,49) (86,88,90) (41,44,47) (81,85,89) (78,80,82) (44,50,56) (3,3,3) (31,31,31) (65,74,83) (83,88,93) (84,85,86) (3,3,3) (68,72,76) (77,85,93) 
(68,78,88) (47,50,53) (75,76,77) (45,48,51) (34,38,42) (76,84,92) (20,21,22) (55,57,59) (64,72,80) (8,8,8) (54,55,56) (52,56,60) (21,23,25) (4,4,4) (51,57,63) (50,56,62) (50,58,66) (27,27,27) (59,66,73) (10,11,12) 
