3   6   2   9   9   2   3   1   7   7   2   9   10   6   1   3   5   1   1   6   6   1   10   6   5   5   1   5   4   7   4   6   6   10   5   5   6   6   4   5   3   4   5   5   1   8   6   1   5   10   8   2   3   3   10   1   7   10   2   9   1   4   7   7   10   3   2   8   10   8   10   4   9   8   8   9   2   2   9   10   7   3   7   4   2   4   8   4   7   8   9   9   8   3   8   4   7   2   9   3
  10  13  16   14  20  25   24  32  38   29  38  45   35  46  54   42  54  66   60  82 102   65  88 109   81 111 141   98 134 168
   3   5   6   12  15  19   17  23  28   88 120 149   93 126 158  104 142 178  113 155 192  121 167 208  142 194 245  182 254 319
   9  12  14   19  25  28   26  36  42   63  86 108   67  93 116   70  98 123   75 102 129  128 175 220  172 239 300  181 250 313
  27  36  44   28  38  48   79 108 133   80 111 138  100 134 169  112 152 190  140 190 239  146 201 253  157 219 276  169 235 296
  17  24  28   25  35  42   35  49  59   40  56  71   44  60  76   45  63  81   52  71  91   63  86 108   72  97 121   73  99 124
   4   7   9   16  22  30   20  27  35   30  41  53   35  47  62   50  70  87   60  82 102   68  91 114   73  99 123   83 115 143
   8  12  13   21  29  34   45  63  77   86 118 150   97 131 166  101 136 173  128 177 219  138 188 231  167 232 291  178 247 309
  54  72  91   85 117 147   98 133 170  104 142 182  111 150 191  119 163 205  153 212 266  159 221 277  167 232 290  174 241 303
   2   4   6    4   7  11    6  10  15   74 104 130  119 161 202  127 173 216  131 180 225  139 191 239  143 196 248  162 226 283
  14  20  23   35  46  54   53  75  93   79 108 136   86 119 149   96 130 163  107 144 180  110 149 187  113 153 193  127 172 217