1   5   8   1   4   10   8   7   9   8   7   10   10   2   6   6   4   4   1   3   10   4   2   4   9   7   1   1   4   4   3   4   4   6   8   9   1   7   4   10   9   1   1   10   7   10   8   8   8   1   8   9   5   8   3   10   8   7   5   10   10   1   6   2   5   6   6   7   3   7   9   2   2   5   5   5   3   6   6   3   9   5   2   3   2   5   3   7   9   2   3   6   7   2   9   9   2   3   5   6
   3   4   5   13  16  18   24  31  40   32  44  59   42  56  75   66  87 114   70  94 124   74  99 132   94 127 167  114 156 202
  20  22  28   35  45  54  104 142 189  132 182 237  134 186 243  149 204 266  156 215 278  171 234 302  177 243 312  187 257 327
  10  15  20   34  47  64   90 122 161  115 155 204  132 179 230  141 194 252  145 199 259  163 223 288  172 236 302  195 269 342
   5   8  10   11  16  23   18  26  37   21  31  44   27  38  50   35  48  62   37  51  66   39  54  71   45  62  82   60  80 104
   4   7  10   89 119 157   99 132 175  113 156 205  124 168 218  129 174 227  134 181 235  135 183 239  148 203 265  197 273 348
   8  14  19   11  18  24   48  67  88  100 136 179  108 145 192  117 157 206  138 188 243  139 190 247  160 220 288  183 252 324
  10  11  14   23  33  43   36  48  62   54  72  93   78 104 138   92 124 164  118 160 210  120 164 215  157 214 279  165 226 294
   7  11  15   16  24  30   21  30  39   56  76 101   84 113 150   90 121 160   96 130 171   97 132 175  105 144 189  111 153 201
   7  11  15   27  36  50   54  76  98   57  81 104  104 141 183  125 171 225  142 194 252  158 216 283  161 221 290  175 238 309
   1   2   3    9  14  16   20  24  27   26  33  40   69  91 119   76 102 134   86 116 152   91 124 165   95 129 171   97 132 176