9   5   6   4   10   1   3   4   5   2   9   7   4   7   3   5   3   3   8   6   1   3   5   2   7   4   4   3   6   3   5   7   3   6   4   5   4   6   5   5   3   3   8   8   4   5   4   4   6   2   6   6   8   9   5   6   9   9   2   10   6   8   8   9   1   8   7   8   7   2   1   2   8   8   2   9   10   10   9   10   2   1   10   7   1   9   9   10   7   1   1   2   7   1   7   10   10   10   1   2
   2   3   4   10  16  23   31  58  83   36  65  92   48  89 126   51  94 132   53  97 137   54  99 140   57 103 145   59 106 149
   2   3   4    8  14  19   19  35  53   23  42  60   33  59  84   36  68  97   38  71 101   47  87 123   51  94 133   68 121 168
   2   4   5    4   6   8    6   9  13    7  11  17   10  16  23   11  19  27   12  22  32   13  24  36   15  28  41   16  31  46
   1   2   3    4   6   8    5   9  13    9  15  23   11  19  28   12  21  32   15  25  37   16  28  42   17  31  48   18  34  52
   2   3   4    3   7   9    4  10  13    6  12  16    8  15  22   11  18  27   14  23  33   15  27  40   19  32  45   20  38  57
   2   3   4    6  10  13    7  12  16    9  16  21   13  24  36   16  30  44   19  34  49   20  36  52   22  42  63   23  45  67
   2   3   4    5  10  13    7  15  21   15  26  37   25  48  71   28  52  76   42  77 109   56 102 142   59 107 148   60 109 151
   6  11  14   16  28  40   19  32  45   22  40  57   24  45  67   26  48  71   32  60  86   34  64  91   39  72 102   41  75 107
   3   4   5    4   7   9   20  38  58   24  45  67   27  50  73   29  54  78   42  78 111   45  82 116   49  91 129   52  95 134
   2   4   5   20  36  52   41  75 106   43  78 110   46  84 119   51  93 131   53  97 136   63 113 156   64 115 159   65 117 163