NUMERO DE TRABAJOS
10
NUMERO DE RECURSOS
10
SECUENCIA DE MAQUINAS
7 8 5 3 4 6 2 0 9 1 
5 2 8 9 1 4 7 3 0 6 
1 7 6 2 9 0 4 3 8 5 
4 8 5 9 3 6 2 1 0 7 
8 9 7 3 4 0 1 5 6 2 
3 9 5 2 4 1 6 8 0 7 
5 2 7 6 9 0 4 8 3 1 
4 6 5 8 9 2 0 1 7 3 
9 6 5 8 7 0 3 1 4 2 
0 3 7 2 1 5 8 4 9 6 
DURACIONES
(55,62,67) (23,24,25) (24,25,26) (75,84,102) (41,47,57) (35,38,38) (71,82,89) (85,93,113) (24,24,28) (66,66,73) 
(45,47,56) (83,97,111) (90,92,105) (21,22,25) (80,93,106) (25,29,33) (50,56,69) (78,80,81) (77,78,95) (66,67,73) 
(40,45,52) (43,46,46) (19,22,26) (25,26,27) (34,38,39) (65,69,86) (40,40,42) (33,33,38) (69,75,93) (90,96,97) 
(75,85,101) (70,76,78) (68,68,78) (77,88,96) (32,36,41) (66,75,93) (48,56,70) (33,35,41) (69,77,85) (85,85,105) 
(52,60,69) (18,20,23) (22,25,31) (61,63,74) (80,81,90) (50,52,59) (29,30,36) (84,98,113) (50,54,55) (78,86,87) 
(79,87,104) (67,73,76) (47,51,56) (87,95,113) (63,65,72) (76,86,104) (19,22,26) (56,58,64) (72,80,84) (61,65,66) 
(72,81,96) (48,53,66) (57,57,62) (63,71,78) (70,81,84) (37,43,45) (23,26,29) (54,54,64) (53,58,69) (62,69,76) 
(18,20,23) (77,86,94) (19,21,25) (73,79,96) (53,62,66) (30,34,39) (24,27,33) (74,81,93) (26,30,35) (43,46,54) 
(68,68,68) (58,66,81) (95,98,100) (79,86,90) (62,66,80) (49,56,59) (80,82,88) (94,95,118) (41,47,51) (74,78,88) 
(30,30,37) (49,50,51) (29,34,34) (50,58,67) (67,77,89) (29,34,38) (82,84,96) (35,40,42) (43,46,46) (41,44,53) 
