NUMERO DE TRABAJOS
20
NUMERO DE RECURSOS
15
SECUENCIA DE MAQUINAS
2 3 9 4 0 6 8 7 1 5 11 14 13 10 12 
6 3 12 11 1 13 10 2 5 7 0 8 14 9 4 
6 0 13 7 2 3 12 10 9 1 5 11 8 4 14 
9 6 1 7 12 4 0 5 11 10 14 2 3 8 13 
11 13 1 6 7 5 8 9 3 10 2 0 14 12 4 
8 11 14 1 7 6 5 10 3 2 4 9 13 12 0 
13 3 6 8 12 4 2 9 14 5 10 11 1 0 7 
5 4 6 9 3 10 8 14 13 2 1 12 11 7 0 
13 11 8 3 5 4 9 0 14 6 2 10 7 12 1 
12 1 5 14 7 0 3 13 8 11 4 10 2 9 6 
10 5 12 1 7 8 14 4 3 9 13 11 6 2 0 
0 11 5 13 4 8 9 14 2 7 10 1 3 12 6 
12 5 2 8 3 13 0 6 7 11 14 1 4 9 10 
8 1 14 12 4 5 6 10 0 7 11 2 13 9 3 
9 14 3 12 0 11 2 5 1 8 4 13 10 6 7 
9 14 7 4 0 5 8 13 10 3 2 1 11 6 12 
3 5 2 12 7 1 8 6 11 4 10 14 9 13 0 
12 10 0 2 5 1 11 8 14 3 7 9 13 4 6 
5 10 7 14 13 11 9 3 1 2 12 6 8 4 0 
9 8 12 1 5 3 11 13 0 7 14 4 6 2 10 
DURACIONES
(23,24,25) (11,12,13) (16,17,18) (24,27,30) (20,21,22) (23,25,27) (27,27,27) (24,26,28) (28,30,32) (30,31,32) (18,18,18) (14,16,18) (35,39,43) (18,19,20) (26,26,26) 
(28,30,32) (13,15,17) (20,20,20) (17,19,21) (23,24,25) (13,15,17) (27,28,29) (32,36,40) (25,26,27) (14,15,16) (11,11,11) (21,23,25) (18,20,22) (25,26,27) (26,28,30) 
(32,35,38) (22,22,22) (21,23,25) (28,32,36) (20,20,20) (11,12,13) (17,19,21) (21,23,25) (16,17,18) (13,14,15) (15,16,17) (25,29,33) (15,16,17) (22,22,22) (22,22,22) 
(18,20,22) (26,29,32) (17,19,21) (13,14,15) (30,33,36) (30,30,30) (31,32,33) (20,21,22) (27,29,31) (24,24,24) (22,25,28) (27,29,31) (12,13,14) (18,20,22) (16,18,20) 
(22,23,24) (18,20,22) (28,28,28) (30,32,34) (16,16,16) (18,18,18) (22,24,26) (22,23,24) (24,24,24) (31,34,37) (24,24,24) (23,24,25) (28,28,28) (14,15,16) (17,18,19) 
(21,24,27) (19,19,19) (21,21,21) (30,33,36) (32,34,36) (35,35,35) (40,40,40) (33,36,39) (21,23,25) (25,26,27) (15,15,15) (25,28,31) (37,38,39) (12,13,14) (23,25,27) 
(27,27,27) (29,30,31) (20,21,22) (17,19,21) (11,12,13) (26,27,28) (35,39,43) (12,13,14) (12,12,12) (32,36,40) (19,21,23) (16,17,18) (29,29,29) (17,17,17) (29,33,37) 
(27,27,27) (17,19,21) (26,29,32) (20,20,20) (21,21,21) (38,40,42) (13,14,15) (34,39,44) (35,39,43) (27,27,27) (34,36,38) (12,12,12) (32,37,42) (19,22,25) (13,13,13) 
(32,32,32) (28,29,30) (23,24,25) (27,27,27) (37,40,43) (20,21,22) (23,26,29) (25,27,29) (25,27,29) (14,16,18) (20,21,22) (13,13,13) (26,28,30) (27,28,29) (29,32,35) 
(35,35,35) (10,11,12) (34,39,44) (18,18,18) (21,23,25) (32,34,36) (23,24,25) (10,11,12) (28,30,32) (27,31,35) (15,15,15) (15,15,15) (26,28,30) (23,26,29) (33,33,33) 
(24,28,32) (33,37,41) (26,29,32) (27,31,35) (25,25,25) (13,13,13) (13,14,15) (18,20,22) (27,27,27) (25,25,25) (30,31,32) (14,14,14) (25,25,25) (35,39,43) (31,36,41) 
(22,22,22) (24,25,26) (25,28,31) (30,35,40) (30,31,32) (19,21,23) (18,20,22) (17,19,21) (28,29,30) (31,32,33) (17,18,19) (17,18,19) (10,11,12) (16,17,18) (14,15,16) 
(39,39,39) (30,32,34) (34,36,38) (13,14,15) (27,28,29) (35,37,39) (37,38,39) (18,20,22) (17,19,21) (12,12,12) (22,22,22) (36,36,36) (15,15,15) (30,32,34) (14,16,18) 
(27,28,29) (29,29,29) (39,40,41) (21,23,25) (31,34,37) (30,33,36) (24,27,30) (16,17,18) (19,20,21) (24,28,32) (20,21,22) (20,21,22) (19,20,21) (29,33,37) (25,27,29) 
(21,21,21) (34,34,34) (29,30,31) (33,38,43) (11,11,11) (14,16,18) (13,14,15) (13,14,15) (32,34,36) (29,33,37) (23,23,23) (40,40,40) (12,12,12) (22,23,24) (24,27,30) 
(12,13,14) (38,40,42) (35,36,37) (15,17,19) (13,13,13) (29,33,37) (22,25,28) (22,24,26) (22,23,24) (31,36,41) (28,29,30) (17,18,19) (13,13,13) (32,33,34) (13,13,13) 
(23,25,27) (14,15,16) (28,28,28) (39,40,41) (34,39,44) (31,31,31) (35,35,35) (27,31,35) (36,36,36) (11,12,13) (31,33,35) (17,19,21) (14,16,18) (25,27,29) (19,21,23) 
(20,22,24) (13,14,15) (11,12,13) (18,20,22) (12,12,12) (16,18,20) (17,17,17) (37,39,41) (30,31,32) (28,31,34) (32,32,32) (20,20,20) (26,29,32) (13,13,13) (23,26,29) 
(16,18,20) (27,30,33) (34,38,42) (21,22,23) (15,15,15) (20,20,20) (15,16,17) (16,17,18) (11,12,13) (12,13,14) (37,40,43) (17,17,17) (27,30,33) (37,38,39) (12,13,14) 
(30,31,32) (37,39,41) (25,27,29) (13,14,15) (33,33,33) (28,31,34) (22,22,22) (34,36,38) (15,16,17) (10,11,12) (14,14,14) (27,29,31) (25,28,31) (21,22,23) (15,17,19) 
TIEMPOS MAXIMOS DE FIN
(727,727) (757,757) (730,730) (744,744) (818,818) (696,696) (810,810) (725,725) (826,826) (817,817) (919,919) (643,643) (828,828) (688,688) (811,811) (723,723) (900,900) (634,634) (836,836) (657,657) 
DESV:0.0592299