NUMERO DE TRABAJOS
6
NUMERO DE RECURSOS
6
SECUENCIA DE MAQUINAS
2 0 1 3 5 4 
1 2 4 5 0 3 
2 3 5 0 1 4 
1 0 2 3 4 5 
2 1 4 5 0 3 
1 3 5 0 4 2 
DURACIONES
(1,1,1) (2,3,4) (4,6,7) (6,7,9) (2,3,4) (4,6,7) 
(7,8,10) (3,5,7) (6,10,13) (9,10,13) (7,10,12) (3,4,5) 
(4,5,7) (3,4,5) (7,8,9) (8,9,10) (1,1,1) (5,7,9) 
(4,5,7) (4,5,7) (4,5,7) (2,3,4) (7,8,11) (6,9,10) 
(7,9,13) (2,3,4) (3,5,6) (3,4,5) (2,3,4) (1,1,1) 
(2,3,4) (2,3,4) (6,9,10) (7,10,11) (3,4,5) (1,1,1) 
TIEMPOS MAXIMOS DE FIN
(55,55) (55,55) (55,55) (55,55) (55,55) (55,55) 
// Desviacion Izda: min(0%), max(40%), promedio(23.621%)
// Desviacion Dcha: min(0%), max(44.4444%), promedio(24.6274%)
