NUMERO DE TRABAJOS
6
NUMERO DE RECURSOS
6
SECUENCIA DE MAQUINAS
2 0 1 3 5 4 
1 2 4 5 0 3 
2 3 5 0 1 4 
1 0 2 3 4 5 
2 1 4 5 0 3 
1 3 5 0 4 2 
DURACIONES
(1,1,1) (3,3,3) (6,6,6) (7,7,7) (3,3,3) (6,6,6) 
(8,8,8) (5,5,5) (10,10,10) (10,10,10) (10,10,10) (4,4,4) 
(5,5,5) (4,4,4) (8,8,8) (9,9,9) (1,1,1) (7,7,7) 
(5,5,5) (5,5,5) (5,5,5) (3,3,3) (7,8,9) (8,9,10) 
(9,9,9) (3,3,3) (5,5,5) (4,4,4) (3,3,3) (1,1,1) 
(3,3,3) (3,3,3) (9,9,9) (9,10,11) (4,4,4) (1,1,1) 
TIEMPOS MAXIMOS DE FIN
(52,67) (67,87) (62,80) (67,87) (54,70) (56,72) 
DESV:0.00933642