NUMERO DE TRABAJOS
15
NUMERO DE RECURSOS
5
SECUENCIA DE MAQUINAS
1 3 2 0 4 
3 1 2 4 0 
4 3 1 2 0 
0 1 2 3 4 
0 4 2 3 1 
0 3 1 2 4 
3 2 4 1 0 
2 1 3 4 0 
2 4 0 1 3 
2 4 3 1 0 
4 3 2 0 1 
1 0 3 4 2 
4 3 0 1 2 
3 1 2 0 4 
0 1 2 4 3 
DURACIONES
(59,66,71) (80,85,88) (78,84,88) (55,62,75) (17,19,23) 
(54,59,59) (56,64,69) (42,46,56) (13,13,15) (25,25,27) 
(84,88,106) (68,80,92) (71,73,83) (50,53,60) (35,41,47) 
(12,14,16) (60,67,81) (56,57,57) (73,74,91) (47,47,51) 
(75,84,97) (60,64,65) (35,41,49) (80,84,88) (70,78,80) 
(59,63,78) (28,28,30) (45,46,53) (24,26,32) (49,52,52) 
(9,10,12) (16,17,17) (73,73,84) (10,11,12) (57,64,73) 
(59,67,83) (83,97,121) (90,95,112) (34,38,42) (85,85,105) 
(82,95,108) (43,46,52) (51,59,72) (63,65,77) (92,93,104) 
(41,43,48) (82,85,103) (28,32,37) (79,85,87) (54,60,61) 
(45,49,59) (37,41,43) (56,61,67) (61,66,78) (87,90,99) 
(15,17,21) (20,23,27) (67,70,77) (89,99,104) (46,49,49) 
(35,40,47) (66,73,90) (73,73,79) (87,98,108) (59,68,70) 
(49,57,60) (8,9,10) (7,7,8) (12,13,15) (88,98,108) 
(34,37,42) (76,85,93) (16,17,21) (73,79,96) (35,41,43) 
TIEMPOS MAXIMOS DE FIN
(951,951) (951,951) (951,951) (951,951) (951,951) (951,951) (951,951) (951,951) (951,951) (951,951) (951,951) (951,951) (951,951) (951,951) (951,951) 
// Desviacion Izda: min(0%), max(15%), promedio(7.82147%)
// Desviacion Dcha: min(0%), max(24.7423%), promedio(12.9124%)
