NUMERO DE TRABAJOS
20
NUMERO DE RECURSOS
5
SECUENCIA DE MAQUINAS
1 0 4 2 3 
3 4 1 0 2 
4 3 1 2 0 
1 3 4 2 0 
3 1 2 0 4 
1 2 3 0 4 
1 0 3 4 2 
3 4 2 0 1 
0 2 1 4 3 
0 4 3 2 1 
0 2 3 4 1 
1 3 4 2 0 
1 0 3 4 2 
2 4 0 3 1 
1 3 4 0 2 
3 2 0 4 1 
2 1 0 3 4 
1 3 0 4 2 
2 4 0 1 3 
2 4 3 1 0 
DURACIONES
(23,23,24) (77,82,106) (83,84,103) (40,45,46) (38,38,40) 
(48,50,58) (41,41,41) (26,29,29) (17,18,22) (20,21,22) 
(16,16,16) (47,54,58) (47,52,56) (36,38,47) (52,52,66) 
(62,62,75) (53,57,72) (36,37,40) (71,74,87) (51,54,60) 
(60,68,86) (54,61,68) (30,30,36) (77,81,85) (50,57,63) 
(83,89,96) (85,89,102) (11,11,13) (73,79,94) (70,81,91) 
(64,66,80) (83,91,102) (31,33,40) (18,20,26) (20,20,25) 
(8,8,10) (24,24,29) (49,55,69) (31,32,32) (81,84,101) 
(6,7,7) (62,64,73) (35,39,50) (48,56,63) (47,54,62) 
(17,19,23) (38,40,49) (7,7,7) (7,8,10) (79,83,102) 
(63,63,65) (58,64,78) (83,91,95) (40,40,52) (6,6,6) 
(38,42,42) (53,61,67) (13,15,17) (92,98,126) (63,74,82) 
(68,80,102) (24,26,28) (68,75,78) (6,6,6) (83,87,90) 
(36,39,48) (21,22,27) (65,75,96) (21,24,26) (39,44,55) 
(15,15,17) (68,79,91) (8,8,9) (11,12,12) (17,20,20) 
(25,26,33) (40,43,50) (71,80,104) (19,22,24) (54,61,75) 
(55,62,78) (35,36,38) (55,63,77) (88,96,105) (35,40,51) 
(32,33,37) (16,18,21) (21,22,25) (5,5,5) (9,10,11) 
(56,64,81) (60,64,75) (84,89,108) (89,96,98) (87,95,96) 
(18,18,19) (20,23,23) (13,15,19) (38,38,38) (7,8,10) 
TIEMPOS MAXIMOS DE FIN
(1039,1039) (1039,1039) (1039,1039) (1039,1039) (1039,1039) (1039,1039) (1039,1039) (1039,1039) (1039,1039) (1039,1039) (1039,1039) (1039,1039) (1039,1039) (1039,1039) (1039,1039) (1039,1039) (1039,1039) (1039,1039) (1039,1039) (1039,1039) 
// Desviacion Izda: min(0%), max(15%), promedio(6.97222%)
// Desviacion Dcha: min(0%), max(30%), promedio(14.5033%)
