NUMERO DE TRABAJOS
20
NUMERO DE RECURSOS
5
SECUENCIA DE MAQUINAS
3 4 2 0 1 
1 4 0 2 3 
2 3 1 4 0 
0 3 4 1 2 
2 4 3 0 1 
0 4 3 2 1 
2 0 1 4 3 
3 2 1 4 0 
1 2 4 0 3 
3 2 0 4 1 
4 2 0 1 3 
3 1 0 2 4 
1 3 0 4 2 
4 0 3 2 1 
2 1 4 3 0 
4 1 3 0 2 
1 0 4 3 2 
0 4 2 1 3 
1 4 0 3 2 
3 1 0 2 4 
DURACIONES
(5,5,5) (51,58,65) (44,44,44) (9,9,9) (57,58,59) 
(89,89,89) (93,96,99) (96,97,98) (80,84,88) (74,77,80) 
(74,81,88) (73,85,97) (77,87,97) (39,39,39) (68,77,86) 
(14,15,16) (56,57,58) (64,73,82) (19,21,23) (30,31,32) 
(44,48,52) (68,71,74) (66,70,74) (40,40,40) (46,49,52) 
(9,10,11) (78,82,86) (32,34,36) (80,80,80) (22,22,22) 
(17,17,17) (54,55,56) (86,91,96) (74,75,76) (7,7,7) 
(47,47,47) (58,62,66) (67,72,77) (35,35,35) (10,11,12) 
(82,90,98) (86,94,102) (49,50,51) (60,64,68) (65,75,85) 
(14,15,16) (65,67,69) (11,12,13) (18,20,22) (63,71,79) 
(91,93,95) (26,29,32) (50,52,54) (57,57,57) (68,68,68) 
(73,77,81) (81,93,105) (55,58,61) (64,70,76) (7,7,7) 
(56,63,70) (25,27,29) (91,95,99) (6,6,6) (82,82,82) 
(35,36,37) (24,26,28) (44,48,52) (49,56,63) (76,87,98) 
(31,36,41) (7,8,9) (15,15,15) (70,76,82) (34,36,38) 
(72,78,84) (83,84,85) (36,41,46) (28,30,32) (72,76,80) 
(73,78,83) (64,75,86) (83,88,93) (13,13,13) (77,81,85) 
(50,54,58) (40,40,40) (13,13,13) (81,82,83) (27,29,31) 
(23,26,29) (74,82,90) (52,52,52) (6,6,6) (6,6,6) 
(51,54,57) (58,64,70) (47,54,61) (31,32,33) (79,88,97) 
TIEMPOS MAXIMOS DE FIN
(1087,1413) (1594,2072) (1297,1686) (1060,1377) (1374,1786) (1414,1838) (1113,1446) (1147,1491) (1376,1788) (832,1081) (1123,1459) (1061,1379) (1041,1353) (1098,1427) (1136,1476) (1043,1355) (1304,1695) (1319,1714) (1047,1361) (1010,1312) 
DESV:0.055804