NUMERO DE TRABAJOS
20
NUMERO DE RECURSOS
10
SECUENCIA DE MAQUINAS
3 4 5 0 1 9 8 7 6 2 
7 6 0 5 2 3 4 9 8 1 
4 2 1 8 0 3 5 7 9 6 
0 2 9 1 8 3 6 5 7 4 
4 2 9 7 5 6 0 3 8 1 
3 4 2 6 9 1 7 8 0 5 
5 6 4 0 1 7 2 3 9 8 
1 5 4 6 3 0 8 9 7 2 
1 0 6 9 2 4 5 3 8 7 
3 2 7 1 8 0 6 5 9 4 
2 3 5 4 0 7 8 9 1 6 
4 7 1 8 0 3 2 5 9 6 
9 6 4 3 1 0 8 2 7 5 
1 2 7 5 8 4 3 6 9 0 
6 1 3 0 2 8 4 7 9 5 
7 5 8 2 4 6 3 1 9 0 
6 1 4 5 2 3 7 8 9 0 
0 5 8 9 3 6 4 7 2 1 
5 2 3 6 4 7 8 9 1 0 
9 4 6 7 0 2 8 5 3 1 
DURACIONES
(57,60,63) (47,48,49) (94,95,96) (80,87,94) (66,72,78) (5,5,5) (31,35,39) (39,39,39) (54,54,54) (66,66,66) 
(35,37,39) (32,34,36) (97,97,97) (54,55,56) (21,21,21) (20,20,20) (58,59,60) (40,46,52) (18,19,20) (44,46,48) 
(44,45,46) (64,73,82) (24,24,24) (27,28,29) (28,28,28) (22,25,28) (22,23,24) (81,83,85) (5,5,5) (72,78,84) 
(52,53,54) (12,12,12) (11,12,13) (37,37,37) (31,33,35) (62,71,80) (51,55,59) (27,29,31) (80,87,94) (38,38,38) 
(82,90,98) (46,49,52) (25,27,29) (61,65,69) (7,7,7) (20,23,26) (45,48,51) (74,83,92) (16,17,18) (35,40,45) 
(80,85,90) (25,25,25) (76,84,92) (59,64,69) (13,13,13) (57,66,75) (40,46,52) (51,59,67) (56,62,68) (18,19,20) 
(87,88,89) (63,67,71) (13,14,15) (39,41,43) (72,73,74) (50,57,64) (49,53,57) (77,80,83) (45,47,49) (67,74,81) 
(74,78,82) (62,64,66) (56,63,70) (41,46,51) (82,84,86) (81,84,87) (26,28,30) (51,52,53) (26,26,26) (37,41,45) 
(11,11,11) (62,64,66) (91,97,103) (33,38,43) (17,17,17) (75,85,95) (73,73,73) (9,10,11) (89,95,101) (67,67,67) 
(93,93,93) (91,95,99) (41,43,45) (62,65,68) (32,32,32) (58,59,60) (75,85,95) (42,46,50) (76,85,94) (54,60,66) 
(53,61,69) (38,41,44) (46,49,52) (23,23,23) (57,66,75) (43,49,55) (68,70,72) (89,99,109) (88,90,92) (17,17,17) 
(13,13,13) (7,7,7) (88,98,108) (52,57,62) (64,73,82) (72,73,74) (63,68,73) (39,40,41) (86,98,110) (9,9,9) 
(75,86,97) (70,76,82) (13,14,15) (36,41,46) (75,85,95) (34,37,40) (18,19,20) (15,17,19) (52,54,56) (79,79,79) 
(35,40,45) (46,53,60) (83,97,111) (81,87,93) (93,96,99) (76,84,92) (15,16,17) (64,66,68) (51,52,53) (86,95,104) 
(31,33,35) (31,33,35) (80,87,94) (16,18,20) (55,55,55) (12,13,14) (69,77,85) (56,60,64) (40,42,44) (69,74,79) 
(90,92,94) (81,91,101) (74,79,84) (49,54,59) (59,69,79) (73,79,85) (31,33,35) (55,61,67) (35,39,43) (16,16,16) 
(77,82,87) (39,41,43) (28,28,28) (60,64,68) (70,78,86) (66,76,86) (6,6,6) (45,49,53) (46,47,48) (55,58,61) 
(52,52,52) (37,42,47) (23,24,25) (79,91,103) (46,47,48) (86,88,90) (79,91,103) (46,52,58) (27,28,29) (35,35,35) 
(70,82,94) (76,76,76) (85,86,87) (86,93,100) (79,84,89) (33,38,43) (89,95,101) (36,37,38) (20,21,22) (21,23,25) 
(67,77,87) (8,8,8) (36,42,48) (62,64,66) (66,70,74) (41,45,49) (44,45,46) (24,28,32) (58,67,76) (80,86,92) 
TIEMPOS MAXIMOS DE FIN
(1178,1178) (1261,1261) (1329,1329) (1471,1471) (1529,1529) (1262,1262) (1599,1599) (1350,1350) (1331,1331) (1647,1647) (1249,1249) (1621,1621) (1489,1489) (1350,1350) (1535,1535) (1662,1662) (1556,1556) (1305,1305) (1615,1615) (1197,1197) 
DESV:0.0618503