NUMERO DE TRABAJOS
20
NUMERO DE RECURSOS
10
SECUENCIA DE MAQUINAS
8 2 7 0 5 3 4 6 9 1 
0 2 3 5 4 9 8 6 7 1 
3 7 9 0 2 4 5 1 8 6 
2 3 4 6 1 9 8 0 5 7 
7 8 4 6 0 5 2 9 3 1 
8 6 7 4 5 3 0 2 9 1 
1 5 8 6 4 0 3 2 7 9 
2 6 7 1 4 8 0 3 9 5 
6 2 5 8 1 7 9 4 3 0 
4 7 8 1 3 2 6 9 5 0 
2 4 9 5 0 1 8 6 7 3 
0 5 1 3 2 4 6 8 9 7 
6 4 8 7 2 3 5 0 1 9 
5 3 6 4 8 2 9 7 1 0 
3 5 2 8 7 6 1 9 4 0 
2 7 3 0 4 1 8 9 5 6 
9 3 6 4 7 5 0 8 1 2 
3 2 6 8 1 7 0 5 9 4 
4 5 9 3 7 1 0 8 2 6 
5 2 0 7 8 4 3 6 9 1 
DURACIONES
(13,14,15) (35,38,41) (40,44,48) (70,76,80) (95,97,115) (11,12,14) (73,75,89) (55,66,77) (10,12,14) (27,29,32) 
(35,43,49) (71,85,92) (73,82,97) (36,38,45) (54,58,62) (74,89,103) (83,92,93) (81,87,99) (56,69,76) (75,80,90) 
(35,41,47) (6,7,8) (5,5,5) (36,43,46) (12,14,15) (7,8,9) (60,61,67) (76,84,98) (62,66,75) (40,48,52) 
(39,42,49) (70,74,88) (51,59,65) (34,41,49) (7,8,9) (66,73,76) (37,43,51) (82,96,98) (16,19,22) (88,97,108) 
(21,23,25) (39,42,49) (34,37,38) (52,55,56) (6,7,8) (5,5,5) (57,70,82) (34,38,44) (61,75,87) (47,48,56) 
(8,9,10) (37,43,49) (29,31,34) (22,25,29) (68,73,75) (87,95,97) (69,79,83) (63,72,78) (57,60,69) (52,56,65) 
(6,7,8) (19,21,24) (48,53,62) (14,16,17) (76,94,100) (88,97,106) (69,78,92) (57,64,71) (75,86,95) (27,31,32) 
(64,65,70) (51,59,60) (76,85,93) (28,33,38) (26,30,32) (39,44,50) (53,61,67) (77,86,93) (57,63,75) (30,32,34) 
(40,45,53) (36,44,50) (58,61,71) (80,93,95) (29,30,34) (75,90,100) (77,84,93) (9,11,12) (13,16,17) (59,60,64) 
(42,47,48) (30,36,41) (27,31,34) (41,49,56) (17,20,23) (25,28,31) (44,52,55) (31,35,41) (10,11,12) (29,32,37) 
(68,77,86) (9,10,11) (58,68,80) (16,17,19) (71,85,97) (68,84,100) (17,20,21) (44,49,53) (73,74,82) (32,34,37) 
(14,17,20) (6,7,8) (76,85,99) (25,29,34) (16,17,20) (66,76,87) (50,59,65) (59,71,78) (12,13,15) (45,48,54) 
(82,87,99) (38,39,41) (40,43,51) (9,11,12) (13,15,17) (27,32,38) (57,64,68) (17,19,21) (32,39,46) (15,16,17) 
(29,33,35) (85,99,118) (28,32,33) (73,91,105) (77,82,87) (81,92,96) (92,99,114) (51,57,62) (79,83,93) (7,8,9) 
(89,91,97) (33,39,40) (65,69,79) (26,27,30) (6,7,8) (20,21,24) (36,38,41) (57,62,67) (87,88,89) (47,48,52) 
(63,67,77) (66,80,92) (22,24,25) (81,88,89) (15,18,21) (37,44,47) (37,45,49) (59,64,73) (69,80,81) (35,38,44) 
(51,59,70) (65,72,83) (40,47,56) (37,40,44) (19,21,22) (35,43,49) (43,51,59) (48,52,56) (23,24,28) (14,15,16) 
(62,70,80) (26,31,36) (19,20,22) (64,76,86) (37,40,47) (38,43,49) (31,32,35) (79,88,105) (5,5,5) (74,77,84) 
(38,47,48) (57,64,72) (78,85,88) (48,49,54) (54,58,60) (22,26,31) (31,32,37) (66,80,93) (13,14,15) (85,94,100) 
(57,59,70) (92,96,97) (5,5,5) (74,79,80) (31,34,35) (70,75,83) (24,26,30) (8,9,10) (19,23,26) (9,11,12) 
