NUMERO DE TRABAJOS
20
NUMERO DE RECURSOS
10
SECUENCIA DE MAQUINAS
8 2 7 0 5 3 4 6 9 1 
0 2 3 5 4 9 8 6 7 1 
3 7 9 0 2 4 5 1 8 6 
2 3 4 6 1 9 8 0 5 7 
7 8 4 6 0 5 2 9 3 1 
8 6 7 4 5 3 0 2 9 1 
1 5 8 6 4 0 3 2 7 9 
2 6 7 1 4 8 0 3 9 5 
6 2 5 8 1 7 9 4 3 0 
4 7 8 1 3 2 6 9 5 0 
2 4 9 5 0 1 8 6 7 3 
0 5 1 3 2 4 6 8 9 7 
6 4 8 7 2 3 5 0 1 9 
5 3 6 4 8 2 9 7 1 0 
3 5 2 8 7 6 1 9 4 0 
2 7 3 0 4 1 8 9 5 6 
9 3 6 4 7 5 0 8 1 2 
3 2 6 8 1 7 0 5 9 4 
4 5 9 3 7 1 0 8 2 6 
5 2 0 7 8 4 3 6 9 1 
DURACIONES
(13,14,15) (35,38,41) (39,44,49) (69,76,83) (97,97,97) (12,12,12) (68,75,82) (61,66,71) (11,12,13) (25,29,33) 
(40,43,46) (82,85,88) (80,82,84) (35,38,41) (57,58,59) (77,89,101) (89,92,95) (86,87,88) (62,69,76) (72,80,88) 
(38,41,44) (7,7,7) (5,5,5) (39,43,47) (14,14,14) (8,8,8) (58,61,64) (84,84,84) (64,66,68) (47,48,49) 
(39,42,45) (72,74,76) (55,59,63) (36,41,46) (8,8,8) (68,73,78) (39,43,47) (88,96,104) (17,19,21) (87,97,107) 
(23,23,23) (38,42,46) (35,37,39) (54,55,56) (6,7,8) (5,5,5) (67,70,73) (35,38,41) (74,75,76) (47,48,49) 
(9,9,9) (39,43,47) (30,31,32) (25,25,25) (73,73,73) (91,95,99) (76,79,82) (65,72,79) (52,60,68) (52,56,60) 
(6,7,8) (19,21,23) (52,53,54) (16,16,16) (89,94,99) (89,97,105) (70,78,86) (60,64,68) (84,86,88) (31,31,31) 
(57,65,73) (54,59,64) (78,85,92) (31,33,35) (30,30,30) (40,44,48) (53,61,69) (80,86,92) (62,63,64) (30,32,34) 
(41,45,49) (44,44,44) (56,61,66) (90,93,96) (28,30,32) (89,90,91) (81,84,87) (11,11,11) (15,16,17) (53,60,67) 
(46,47,48) (34,36,38) (28,31,34) (43,49,55) (19,20,21) (28,28,28) (52,52,52) (35,35,35) (11,11,11) (28,32,36) 
(69,77,85) (10,10,10) (62,68,74) (17,17,17) (75,85,95) (77,84,91) (19,20,21) (42,49,56) (69,74,79) (33,34,35) 
(17,17,17) (7,7,7) (80,85,90) (26,29,32) (15,17,19) (70,76,82) (56,59,62) (67,71,75) (12,13,14) (45,48,51) 
(79,87,95) (37,39,41) (37,43,49) (11,11,11) (15,15,15) (32,32,32) (55,64,73) (18,19,20) (38,39,40) (16,16,16) 
(32,33,34) (91,99,107) (29,32,35) (89,91,93) (75,82,89) (82,92,102) (86,99,112) (54,57,60) (83,83,83) (8,8,8) 
(79,91,103) (35,39,43) (69,69,69) (27,27,27) (7,7,7) (20,21,22) (35,38,41) (56,62,68) (82,88,94) (47,48,49) 
(62,67,72) (70,80,90) (24,24,24) (81,88,95) (18,18,18) (40,44,48) (42,45,48) (57,64,71) (78,80,82) (33,38,43) 
(53,59,65) (66,72,78) (44,47,50) (37,40,43) (21,21,21) (42,43,44) (49,51,53) (48,52,56) (24,24,24) (15,15,15) 
(62,70,78) (28,31,34) (20,20,20) (74,76,78) (40,40,40) (40,43,46) (28,32,36) (82,88,94) (5,5,5) (72,77,82) 
(44,47,50) (58,64,70) (85,85,85) (48,49,50) (53,58,63) (23,26,29) (31,32,33) (74,80,86) (14,14,14) (88,94,100) 
(57,59,61) (93,96,99) (5,5,5) (69,79,89) (33,34,35) (69,75,81) (23,26,29) (9,9,9) (23,23,23) (11,11,11) 
TIEMPOS MAXIMOS DE FIN
(1223,1223) (1593,1593) (1086,1086) (1438,1438) (1254,1254) (1547,1547) (1238,1238) (1280,1280) (1216,1216) (1298,1298) (1305,1305) (1017,1017) (913,913) (1547,1547) (1485,1485) (1350,1350) (1424,1424) (1418,1418) (1328,1328) (1172,1172) 
DESV:0.0562097