//Numero de trabajos
10
//Numero de tareas
10
//Matriz de operaciones
3 5 6 7 8 1 4 2 0 9
1 0 2 9 5 6 4 8 7 3
6 9 8 3 4 1 7 2 0 5
4 6 9 5 3 0 7 8 1 2
4 5 9 0 1 3 6 8 7 2
7 1 2 3 0 4 8 5 9 6
4 9 7 0 5 8 6 1 2 3
1 5 2 7 3 0 8 4 9 6
8 5 1 3 9 2 0 6 7 4
6 7 2 0 8 4 3 1 9 5
DURACIONES
(10,13,16)( 4, 7, 9)(10,12,13)( 5, 6, 7)( 6, 8, 9)( 7, 8,12)(10,12,15)( 5, 6, 7)( 2, 3, 5)(10,14,18)
( 3, 5, 6)( 9,10,13)( 5, 8, 9)( 9,12,16)( 5, 6, 9)( 7,11,12)( 9,13,14)( 8,12,16)( 2, 4, 6)( 4, 7,10)
( 9,12,14)(10,13,14)( 5, 7, 8)( 3, 4, 6)( 4, 7, 8)( 3, 5, 7)( 3, 4, 6)( 1, 2, 4)( 5, 7, 9)( 9,11,13)
(10,12,16)( 1, 2, 4)( 6, 8,10)( 1, 3, 5)( 7, 8,11)( 5, 8,10)( 9,10,14)( 4, 7, 8)( 4, 7,10)( 2, 3, 5)
( 9,12,15)( 8,11,14)(10,14,17)( 5, 7, 9)( 2, 4, 5)( 1, 3, 5)( 7, 8,10)( 3, 4, 6)( 9,11,13)( 1, 2, 3)
( 4, 7, 9)(10,12,15)( 3, 4, 5)(10,14,18)( 5, 6, 9)(10,14,16)(10,12,15)( 8, 9,12)( 5, 8, 9)( 4, 7,10)
( 8,12,13)( 2, 4, 6)(10,14,18)( 5, 7, 9)( 4, 5, 8)( 4, 5, 7)( 7,10,11)(10,11,12)(10,13,15)( 9,12,13)
(10,12,15)( 5, 6, 9)( 1, 2, 4)( 6, 9,12)( 4, 6, 9)( 7,11,14)( 7,11,13)( 6, 9,11)( 8,11,13)( 7, 9,13)
( 2, 4, 6)( 2, 3, 5)( 2, 3, 4)( 4, 6, 7)( 6, 8, 9)( 8,12,14)( 4, 7, 9)( 8,11,14)( 1, 2, 3)( 3, 5, 6)
( 5, 8, 9)( 6, 8, 9)( 8,12,16)( 6, 9,12)( 7,11,13)(10,11,14)( 7,10,11)( 3, 5, 7)( 3, 4, 6)( 8,11,15)
