NUMBER OF JOBS
15
NUMBER OF RESOURCES
15
RESOURCE SEQUENCE
3 6 7 13 4 1 12 10 8 14 0 9 5 2 11 
2 12 1 13 3 4 8 14 0 10 7 5 9 11 6 
8 14 3 0 10 5 9 13 2 11 6 4 7 1 12 
5 13 11 4 14 2 9 8 10 3 6 7 1 0 12 
13 5 2 14 1 8 4 3 11 6 7 12 9 0 10 
14 11 2 5 8 10 0 4 9 7 13 3 1 6 12 
8 12 5 10 7 11 2 13 0 14 6 9 1 4 3 
9 7 12 3 6 2 10 13 1 8 14 4 0 5 11 
0 4 5 1 11 7 6 2 14 13 8 9 3 10 12 
8 11 7 1 14 13 12 4 6 9 10 0 5 2 3 
12 4 5 13 6 0 1 7 9 8 11 10 14 2 3 
3 14 4 13 5 9 8 0 7 12 6 1 10 11 2 
10 8 4 1 2 0 7 14 12 13 9 6 3 11 5 
6 2 0 14 1 4 12 3 10 7 8 9 5 13 11 
10 2 9 13 5 0 6 7 1 14 11 4 12 3 8 
PROCESSING TIMES
(82,83,84) (1,1,1) (95,96,97) (46,54,62) (29,30,31) (74,80,86) (70,81,92) (9,9,9) (45,49,53) (32,32,32) (17,19,21) (81,92,103) (62,65,68) (75,88,101) (64,64,64) 
(4,4,4) (61,68,75) (71,79,87) (21,21,21) (77,84,91) (80,92,104) (62,66,70) (51,51,51) (71,83,95) (92,96,100) (60,68,76) (35,38,41) (36,38,40) (92,99,106) (68,76,84) 
(40,46,52) (56,57,58) (60,66,72) (67,75,83) (80,88,96) (51,58,65) (49,56,63) (32,35,38) (55,59,63) (74,82,90) (23,24,25) (92,96,100) (21,24,27) (47,55,63) (71,80,89) 
(29,34,39) (67,69,71) (46,53,60) (90,98,106) (7,8,9) (74,81,88) (80,81,82) (35,38,41) (36,39,42) (3,3,3) (59,59,59) (81,81,81) (28,30,32) (71,76,81) (70,71,72) 
(79,85,91) (68,80,92) (34,36,38) (54,57,60) (95,96,97) (30,34,38) (14,14,14) (3,3,3) (78,90,102) (90,99,108) (9,9,9) (37,42,47) (84,95,106) (27,27,27) (24,27,30) 
(24,28,32) (10,11,12) (57,66,75) (2,2,2) (32,35,38) (59,69,79) (59,61,63) (78,84,90) (71,73,75) (48,56,64) (94,98,102) (79,81,83) (72,72,72) (81,92,103) (23,23,23) 
(19,21,23) (5,5,5) (83,95,107) (5,5,5) (19,22,25) (14,16,18) (67,77,87) (79,85,91) (66,76,86) (42,46,50) (36,36,36) (89,89,89) (99,99,99) (38,44,50) (37,37,37) 
(44,49,54) (80,80,80) (58,61,64) (74,87,100) (39,41,43) (6,6,6) (81,83,85) (77,79,81) (42,44,46) (83,83,83) (9,9,9) (74,84,94) (90,99,108) (36,38,40) (62,68,74) 
(77,77,77) (44,51,58) (62,68,74) (65,69,73) (6,6,6) (24,26,28) (85,99,113) (6,6,6) (30,34,38) (24,27,30) (51,51,51) (82,82,82) (5,5,5) (80,90,100) (1,1,1) 
(74,85,96) (57,64,71) (50,55,60) (69,76,83) (80,89,98) (67,68,69) (29,34,39) (14,14,14) (50,52,54) (31,33,35) (87,91,95) (4,4,4) (16,18,20) (86,95,104) (65,76,87) 
(34,40,46) (7,8,9) (36,36,36) (5,5,5) (1,1,1) (50,51,52) (29,33,37) (79,80,81) (87,90,93) (70,75,80) (41,47,53) (56,65,74) (41,42,43) (15,16,17) (11,11,11) 
(36,38,40) (80,83,86) (44,48,52) (73,74,75) (15,15,15) (9,10,11) (76,89,102) (35,41,47) (93,97,101) (86,97,108) (16,16,16) (46,47,48) (19,21,23) (89,95,101) (18,20,22) 
(83,89,95) (19,22,25) (11,11,11) (13,15,17) (35,37,39) (61,65,69) (25,28,31) (37,39,41) (84,88,92) (12,14,16) (26,28,30) (6,6,6) (22,24,26) (4,4,4) (21,23,25) 
(14,14,14) (60,66,72) (4,4,4) (52,58,64) (7,7,7) (6,6,6) (5,5,5) (46,48,50) (46,54,62) (52,59,66) (2,2,2) (1,1,1) (4,4,4) (81,82,83) (67,75,83) 
(21,24,27) (63,66,69) (4,4,4) (20,20,20) (78,79,80) (46,50,54) (20,23,26) (14,15,16) (12,14,16) (89,91,93) (77,86,95) (83,96,109) (56,63,70) (16,16,16) (3,3,3) 
