NUMBER OF JOBS
15
NUMBER OF RESOURCES
15
RESOURCE SEQUENCE
3 13 11 4 2 9 10 6 12 7 5 14 8 1 0 
13 9 14 0 4 5 6 11 1 7 8 12 10 3 2 
1 14 13 8 10 4 0 12 5 2 11 6 9 7 3 
14 5 4 3 10 7 1 11 13 6 9 12 2 8 0 
14 1 13 6 12 4 5 2 9 0 3 7 11 8 10 
9 11 14 10 13 7 8 2 1 0 12 5 4 6 3 
3 7 11 8 4 9 1 12 10 6 0 14 5 2 13 
14 13 5 0 9 8 2 3 1 11 6 10 4 7 12 
3 2 0 11 1 4 5 13 7 12 9 10 8 6 14 
14 9 11 13 1 5 3 4 0 12 6 2 8 10 7 
14 12 2 5 4 1 13 0 8 10 7 11 3 6 9 
4 13 3 1 11 8 9 7 0 2 6 10 5 12 14 
11 9 1 8 12 14 2 10 7 0 13 6 3 5 4 
1 4 5 6 11 3 9 10 8 2 7 13 14 12 0 
13 2 4 12 7 3 8 0 11 14 9 6 1 5 10 
PROCESSING TIMES
(90,91,92) (15,15,15) (39,45,51) (25,26,27) (83,90,97) (46,53,60) (7,7,7) (72,78,84) (94,94,94) (7,8,9) (17,19,21) (53,56,59) (59,69,79) (66,66,66) (88,98,108) 
(30,34,38) (1,1,1) (39,40,41) (68,74,80) (37,43,49) (68,73,78) (95,96,97) (68,80,92) (84,87,90) (70,78,86) (79,88,97) (84,90,96) (46,49,52) (76,85,94) (3,3,3) 
(75,88,101) (95,98,101) (74,82,90) (42,46,50) (72,79,86) (61,69,77) (83,95,107) (38,41,44) (36,39,42) (11,12,13) (1,1,1) (67,71,75) (26,27,28) (68,77,86) (85,99,113) 
(44,50,56) (1,1,1) (18,21,24) (70,72,74) (40,46,52) (18,20,22) (57,62,67) (30,33,36) (78,79,80) (51,56,61) (61,67,73) (23,23,23) (56,56,56) (42,44,46) (52,56,60) 
(15,15,15) (14,15,16) (14,16,18) (75,79,83) (8,8,8) (72,73,74) (77,86,95) (52,52,52) (69,79,89) (56,62,68) (93,93,93) (76,86,96) (39,44,49) (78,80,82) (16,18,20) 
(68,79,90) (56,63,70) (80,94,108) (8,9,10) (74,86,98) (86,89,92) (11,12,13) (64,66,68) (47,55,63) (67,70,73) (34,35,36) (14,14,14) (3,3,3) (47,54,61) (60,62,64) 
(39,42,45) (34,39,44) (37,42,47) (8,9,10) (32,37,42) (24,25,26) (68,78,88) (68,76,84) (16,16,16) (38,38,38) (30,30,30) (68,80,92) (34,34,34) (82,92,102) (29,29,29) 
(92,96,100) (22,25,28) (47,49,51) (66,67,68) (52,53,54) (19,20,21) (52,52,52) (29,29,29) (45,51,57) (32,35,38) (36,38,40) (17,18,19) (43,43,43) (40,46,52) (90,98,106) 
(69,73,77) (61,68,75) (3,3,3) (84,98,112) (59,68,77) (7,8,9) (15,15,15) (88,88,88) (65,72,79) (17,20,23) (79,89,99) (54,59,64) (62,68,74) (56,63,70) (41,41,41) 
(26,30,34) (43,43,43) (76,80,84) (60,64,68) (14,14,14) (6,6,6) (31,36,41) (80,88,96) (61,71,81) (44,51,58) (57,63,69) (32,32,32) (16,16,16) (55,63,71) (7,7,7) 
(18,18,18) (84,90,96) (48,55,62) (22,25,28) (70,72,74) (88,92,96) (82,88,94) (66,69,72) (85,89,93) (76,83,90) (58,58,58) (34,35,36) (71,79,87) (37,43,49) (75,86,97) 
(48,50,52) (57,64,71) (88,88,88) (56,57,58) (23,25,27) (69,73,77) (17,18,19) (4,4,4) (64,69,74) (35,40,45) (26,28,30) (33,37,41) (39,42,45) (77,82,87) (75,83,91) 
(2,2,2) (39,41,43) (13,13,13) (67,75,83) (29,31,33) (60,66,72) (65,72,79) (66,66,66) (87,96,105) (40,45,50) (27,29,31) (47,49,51) (83,96,109) (44,50,56) (38,38,38) 
(71,80,89) (78,90,102) (34,36,38) (49,50,51) (75,76,77) (14,15,16) (27,31,35) (81,89,97) (77,87,97) (54,55,56) (44,49,54) (20,23,26) (17,19,21) (37,38,39) (89,93,97) 
(69,75,81) (43,45,47) (66,75,84) (66,72,78) (57,65,73) (6,6,6) (16,16,16) (24,24,24) (23,24,25) (40,44,48) (4,4,4) (22,22,22) (85,99,113) (9,10,11) (78,85,92) 
