NUMBER OF JOBS
20
NUMBER OF RESOURCES
15
RESOURCE SEQUENCE
7 12 6 3 8 5 0 9 1 10 2 4 13 14 11 
8 3 12 5 6 9 1 14 4 2 11 0 10 13 7 
1 0 8 4 11 14 12 6 13 9 2 5 7 10 3 
11 13 10 0 4 7 14 5 3 2 9 1 12 8 6 
14 6 2 10 11 5 12 9 3 1 13 4 0 7 8 
7 5 12 13 9 11 1 4 3 6 2 8 0 14 10 
14 13 8 9 1 0 11 4 2 3 10 6 7 12 5 
7 13 4 11 0 10 5 2 6 1 8 12 3 9 14 
5 11 4 1 12 14 13 7 8 6 9 2 0 3 10 
9 4 3 8 14 5 6 13 11 10 12 7 1 2 0 
11 13 6 5 10 3 12 8 2 4 9 1 0 14 7 
11 1 4 7 12 3 5 10 14 2 13 0 6 9 8 
1 5 7 12 13 6 11 4 8 3 14 10 0 9 2 
4 10 7 8 3 13 0 14 11 12 9 6 1 2 5 
8 4 11 13 1 9 0 6 12 5 2 10 3 7 14 
13 8 10 5 6 14 11 7 12 0 1 4 9 2 3 
5 8 13 11 9 14 10 1 12 6 4 7 3 0 2 
2 9 4 0 5 7 8 10 12 11 3 13 6 1 14 
1 4 8 10 6 11 9 5 13 0 7 12 3 14 2 
1 10 13 12 5 4 6 14 11 7 8 2 9 0 3 
PROCESSING TIMES
(15,15,15) (88,89,90) (42,49,56) (91,95,99) (37,40,43) (69,79,89) (44,44,44) (54,59,64) (87,87,87) (77,88,99) (42,48,54) (42,44,46) (37,43,49) (11,11,11) (67,75,83) 
(6,6,6) (41,46,51) (18,18,18) (4,4,4) (52,56,60) (38,44,50) (14,15,16) (40,40,40) (38,44,50) (76,79,82) (1,1,1) (29,32,35) (5,5,5) (83,92,101) (71,76,81) 
(73,78,83) (41,45,49) (52,61,70) (48,49,50) (24,26,28) (32,36,40) (86,94,102) (70,80,90) (43,49,55) (49,53,57) (4,4,4) (47,51,55) (74,82,90) (34,36,38) (73,76,79) 
(51,58,65) (29,34,39) (62,70,78) (17,19,21) (82,85,88) (59,69,79) (80,87,94) (35,38,41) (5,5,5) (80,88,96) (65,66,67) (3,3,3) (9,10,11) (26,28,30) (18,18,18) 
(78,78,78) (7,7,7) (77,83,89) (74,75,76) (36,39,42) (21,24,27) (10,10,10) (13,13,13) (42,42,42) (2,2,2) (54,61,68) (26,26,26) (10,11,12) (81,89,97) (39,39,39) 
(70,80,90) (78,88,98) (13,13,13) (82,92,102) (10,11,12) (55,62,69) (36,42,48) (3,3,3) (6,6,6) (33,36,39) (42,49,56) (95,98,101) (37,40,43) (57,59,61) (13,15,17) 
(79,83,87) (12,12,12) (48,48,48) (1,1,1) (66,76,86) (31,32,33) (1,1,1) (74,81,88) (47,53,59) (62,70,78) (67,78,89) (65,75,85) (7,7,7) (71,82,93) (28,31,34) 
(74,75,76) (13,13,13) (9,9,9) (10,11,12) (49,49,49) (13,15,17) (57,57,57) (80,84,88) (66,77,88) (76,80,84) (40,41,42) (79,82,85) (64,68,72) (64,64,64) (49,50,51) 
(34,39,44) (58,64,70) (83,88,93) (8,9,10) (97,97,97) (86,99,112) (25,27,29) (45,48,51) (17,18,19) (42,49,56) (44,50,56) (24,26,28) (54,54,54) (80,80,80) (69,77,85) 
(58,66,74) (77,87,97) (25,27,29) (43,47,51) (61,68,75) (74,75,76) (27,31,35) (25,25,25) (47,49,51) (80,85,90) (82,86,90) (11,12,13) (24,26,28) (70,82,94) (67,78,89) 
(84,93,102) (86,87,88) (72,74,76) (23,26,29) (59,60,61) (74,76,78) (3,3,3) (91,98,105) (64,72,80) (45,52,59) (71,73,75) (71,75,79) (26,28,30) (1,1,1) (49,51,53) 
(76,79,82) (12,13,14) (14,14,14) (26,27,28) (12,14,16) (5,5,5) (50,58,66) (28,32,36) (37,38,39) (59,67,75) (70,70,70) (84,86,88) (25,28,31) (88,94,100) (31,33,35) 
(78,83,88) (58,67,76) (17,18,19) (17,20,23) (4,4,4) (78,84,90) (21,22,23) (7,8,9) (86,91,96) (85,89,93) (23,25,27) (8,8,8) (63,69,75) (77,85,93) (46,46,46) 
(58,64,70) (16,18,20) (12,12,12) (41,43,45) (68,78,88) (57,65,73) (20,20,20) (48,53,58) (28,32,36) (46,49,52) (25,25,25) (10,10,10) (40,43,46) (26,30,34) (3,3,3) 
(90,99,108) (26,29,32) (49,50,51) (89,99,109) (46,53,60) (58,65,72) (22,23,24) (47,49,51) (83,91,99) (1,1,1) (83,86,89) (6,7,8) (62,68,74) (62,71,80) (86,89,92) 
(13,13,13) (18,19,20) (29,31,33) (91,94,97) (67,78,89) (37,43,49) (15,16,17) (48,56,64) (68,76,84) (1,1,1) (11,11,11) (22,24,26) (13,13,13) (55,62,69) (47,55,63) 
(39,43,47) (23,24,25) (83,85,87) (17,20,23) (6,6,6) (42,44,46) (45,49,53) (36,41,46) (58,67,76) (46,47,48) (24,25,26) (83,86,89) (6,6,6) (6,6,6) (28,30,32) 
(64,68,72) (82,92,102) (14,15,16) (71,80,89) (25,29,33) (70,72,74) (19,22,25) (37,41,45) (48,49,50) (36,36,36) (91,97,103) (78,80,82) (20,23,26) (72,77,82) (4,4,4) 
(48,51,54) (29,34,39) (9,10,11) (94,96,98) (73,74,75) (69,80,91) (64,65,66) (65,75,85) (14,14,14) (72,83,94) (13,13,13) (69,78,87) (58,61,64) (40,43,46) (57,58,59) 
(67,69,71) (50,56,62) (14,15,16) (78,89,100) (19,22,25) (21,21,21) (79,89,99) (14,16,18) (54,59,64) (74,83,92) (19,20,21) (31,33,35) (10,11,12) (59,67,75) (86,90,94) 
