NUMERO DE TRABAJOS
20
NUMERO DE RECURSOS
20
SECUENCIA DE MAQUINAS
9 6 2 14 18 13 0 1 10 19 17 16 11 15 7 8 12 4 5 3 
10 5 17 19 4 11 9 12 0 7 8 15 1 6 13 14 2 3 16 18 
6 8 19 10 14 5 4 17 2 11 15 0 7 3 1 13 9 12 16 18 
11 4 17 15 8 13 9 6 16 19 0 7 1 10 18 3 2 5 12 14 
11 19 16 0 8 5 2 10 18 13 9 3 12 15 7 4 1 17 6 14 
11 9 16 7 6 15 1 19 10 18 8 17 2 14 4 12 13 3 0 5 
3 12 2 7 16 14 15 9 19 18 1 5 0 10 11 8 13 6 17 4 
18 12 0 9 3 7 16 8 4 17 11 10 5 2 14 15 6 19 1 13 
0 17 8 12 6 15 13 1 9 5 11 2 18 3 7 4 16 10 19 14 
11 18 5 6 0 10 2 1 15 14 3 12 4 19 16 8 13 7 17 9 
13 7 6 17 15 10 2 19 12 11 1 16 8 14 3 0 5 4 9 18 
6 19 12 13 5 10 9 18 14 16 7 11 0 2 3 15 4 17 1 8 
6 9 10 14 12 5 11 7 2 17 19 4 15 0 1 13 16 3 18 8 
11 19 5 7 10 9 15 4 2 14 6 12 0 13 16 17 1 18 3 8 
9 19 5 10 4 11 0 6 2 3 7 13 1 18 8 15 16 14 17 12 
7 4 6 2 3 18 0 5 1 8 13 17 11 14 19 16 12 15 10 9 
15 12 5 2 8 7 14 9 4 3 13 6 16 17 19 1 11 10 18 0 
19 13 9 5 6 4 8 3 15 10 2 12 0 1 18 16 14 11 7 17 
7 17 5 12 4 14 13 2 18 9 1 11 0 6 16 10 15 8 19 3 
8 14 11 18 15 16 19 13 17 1 9 5 6 0 3 4 10 2 7 12 
DURACIONES
(14,14,14) (54,62,70) (28,32,36) (78,81,84) (64,65,66) (51,53,55) (29,31,33) (85,98,111) (34,34,34) (25,27,29) (60,60,60) (38,43,48) (28,30,32) (22,24,26) (61,61,61) (38,40,42) (7,7,7) (14,15,16) (49,50,51) (10,10,10) 
(12,12,12) (38,42,46) (67,69,71) (12,12,12) (74,84,94) (22,24,26) (76,87,98) (60,69,78) (45,45,45) (35,37,39) (38,38,38) (68,72,76) (53,54,55) (62,66,70) (41,45,49) (4,4,4) (56,61,66) (18,20,22) (48,49,50) (17,17,17) 
(55,60,65) (43,45,47) (33,34,35) (73,74,75) (64,65,66) (64,75,86) (85,92,99) (63,69,75) (35,40,45) (23,26,29) (64,69,74) (30,30,30) (18,18,18) (77,88,99) (44,49,54) (61,68,75) (24,25,26) (1,1,1) (88,95,102) (23,25,27) 
(72,77,82) (56,61,66) (42,42,42) (57,65,73) (89,99,109) (75,81,87) (78,84,90) (31,33,35) (8,8,8) (19,21,23) (26,26,26) (52,58,64) (85,91,97) (7,7,7) (94,95,96) (85,91,97) (87,91,95) (14,14,14) (46,46,46) (43,49,55) 
(59,62,65) (86,88,90) (2,2,2) (11,12,13) (63,68,73) (88,99,110) (45,46,47) (33,35,37) (76,87,98) (53,53,53) (60,60,60) (50,54,58) (96,99,102) (57,59,61) (10,10,10) (31,34,37) (60,67,74) (29,31,33) (52,52,52) (49,53,57) 
(21,21,21) (89,92,95) (29,33,37) (7,8,9) (9,9,9) (44,51,58) (40,44,48) (1,1,1) (69,69,69) (77,83,89) (15,17,19) (76,86,96) (48,51,54) (87,95,103) (35,40,45) (30,32,34) (75,84,93) (52,54,56) (3,3,3) (28,31,34) 
(40,46,52) (82,87,92) (42,45,48) (57,62,67) (9,10,11) (17,19,21) (3,3,3) (66,69,72) (50,51,52) (50,56,62) (20,20,20) (49,51,53) (35,41,47) (12,12,12) (6,6,6) (43,45,47) (17,17,17) (2,2,2) (84,93,102) (38,39,40) 
(10,10,10) (81,82,83) (39,44,49) (22,22,22) (9,9,9) (54,55,56) (27,29,31) (3,3,3) (3,3,3) (70,77,84) (77,78,79) (42,43,44) (8,9,10) (75,84,93) (1,1,1) (10,11,12) (52,59,66) (90,97,104) (21,23,25) (77,83,89) 
(3,3,3) (77,89,101) (31,34,37) (4,4,4) (84,94,104) (10,10,10) (88,90,92) (15,16,17) (16,18,20) (49,55,61) (59,69,79) (36,39,42) (93,99,105) (69,77,85) (59,65,71) (51,55,59) (24,27,30) (78,84,90) (84,94,104) (2,2,2) 
(84,85,86) (88,98,108) (6,6,6) (71,74,77) (24,24,24) (53,54,55) (82,85,88) (7,7,7) (54,60,66) (47,49,51) (79,92,105) (53,59,65) (23,26,29) (90,97,104) (81,87,93) (26,28,30) (78,81,84) (43,46,49) (4,4,4) (75,82,89) 
(43,49,55) (96,99,102) (92,92,92) (51,55,59) (38,38,38) (22,23,24) (94,97,100) (40,42,44) (82,94,106) (85,95,105) (85,93,101) (31,31,31) (78,91,104) (3,3,3) (28,30,32) (28,28,28) (55,56,57) (20,21,22) (50,51,52) (20,22,24) 
(46,51,56) (57,65,73) (69,71,73) (71,81,91) (50,56,62) (42,45,48) (36,41,46) (24,26,28) (52,52,52) (84,88,92) (92,97,102) (3,3,3) (32,32,32) (15,16,17) (1,1,1) (12,13,14) (8,8,8) (44,50,56) (57,66,75) (5,5,5) 
(93,93,93) (68,78,88) (83,90,97) (23,25,27) (80,83,86) (35,40,45) (75,83,91) (61,67,73) (53,59,65) (88,90,92) (86,91,96) (44,50,56) (21,22,23) (9,9,9) (12,12,12) (26,28,30) (28,28,28) (35,40,45) (43,43,43) (26,29,32) 
(58,65,72) (28,30,32) (13,14,15) (31,33,35) (46,50,54) (89,91,93) (18,19,20) (47,50,53) (83,86,89) (79,83,87) (12,13,14) (44,49,54) (26,30,34) (42,43,44) (41,46,51) (63,67,71) (6,6,6) (73,77,81) (85,87,89) (60,64,68) 
(79,92,105) (88,96,104) (73,76,79) (39,42,45) (35,39,43) (16,17,18) (44,46,48) (52,61,70) (15,17,19) (28,29,30) (59,69,79) (54,58,62) (64,69,74) (97,98,99) (56,60,64) (96,97,98) (70,76,82) (39,41,43) (52,55,58) (31,32,33) 
(34,37,40) (37,38,39) (71,77,83) (4,4,4) (68,72,76) (30,31,32) (32,32,32) (88,98,108) (40,44,48) (57,65,73) (15,16,17) (72,84,96) (58,60,62) (82,88,94) (18,20,22) (60,60,60) (88,92,96) (84,91,98) (72,72,72) (58,58,58) 
(14,15,16) (37,37,37) (46,51,56) (9,9,9) (15,15,15) (14,14,14) (71,73,75) (82,93,104) (72,79,86) (61,63,65) (21,21,21) (61,68,75) (9,9,9) (46,51,56) (22,25,28) (54,57,60) (37,41,45) (46,51,56) (72,80,88) (19,20,21) 
(44,50,56) (44,50,56) (17,19,21) (75,81,87) (1,1,1) (6,6,6) (14,15,16) (30,30,30) (19,19,19) (31,36,41) (62,64,66) (70,76,82) (35,40,45) (32,32,32) (72,77,82) (57,62,67) (50,52,54) (7,7,7) (90,97,104) (35,40,45) 
(28,29,30) (30,35,40) (6,7,8) (55,59,63) (1,1,1) (65,65,65) (85,92,99) (34,39,44) (50,56,62) (90,93,96) (26,29,32) (51,54,57) (36,41,46) (53,54,55) (7,7,7) (79,85,91) (64,74,84) (68,79,90) (64,72,80) (69,79,89) 
(30,31,32) (9,9,9) (68,76,84) (47,54,61) (43,44,45) (35,39,43) (43,48,53) (17,17,17) (4,4,4) (12,13,14) (76,87,98) (21,24,27) (63,68,73) (78,84,90) (78,82,86) (1,1,1) (4,4,4) (52,60,68) (52,56,60) (51,58,65) 
TIEMPOS MAXIMOS DE FIN
(10000,10000) (10000,10000) (10000,10000) (10000,10000) (10000,10000) (10000,10000) (10000,10000) (10000,10000) (10000,10000) (10000,10000) (10000,10000) (10000,10000) (10000,10000) (10000,10000) (10000,10000) (10000,10000) (10000,10000) (10000,10000) (10000,10000) (10000,10000) 
// Desviacion: min(0), max(0.147541), promedio(0.0606226)
