NUMBER OF JOBS
30
NUMBER OF RESOURCES
15
RESOURCE SEQUENCE
3 10 14 1 5 8 4 11 13 12 2 9 7 0 6 
6 4 2 3 14 5 7 13 9 0 11 12 8 10 1 
4 2 10 5 12 13 3 11 9 7 8 6 14 1 0 
0 13 4 1 14 9 12 3 8 5 2 6 10 7 11 
6 1 10 4 8 5 2 9 7 0 13 11 3 14 12 
5 6 12 3 0 4 2 8 1 13 11 9 14 7 10 
11 13 1 6 4 12 14 0 10 8 5 7 2 9 3 
5 2 1 4 9 13 8 10 11 3 7 0 6 12 14 
7 13 12 5 10 9 0 11 8 4 2 1 14 6 3 
6 7 14 1 9 11 3 5 10 2 8 0 13 12 4 
10 0 3 4 5 11 7 12 13 14 8 1 6 2 9 
5 0 9 11 12 6 10 14 8 4 7 3 13 1 2 
8 0 7 4 3 1 13 5 6 12 11 9 2 14 10 
4 9 13 12 6 2 7 1 11 10 8 14 0 5 3 
7 14 11 2 10 12 1 3 13 9 4 8 5 0 6 
13 12 4 11 1 0 10 6 5 9 2 7 3 14 8 
0 7 12 14 3 2 8 11 13 9 4 1 5 6 10 
5 6 7 4 12 9 11 3 10 8 1 0 2 14 13 
12 4 3 13 11 6 5 0 10 1 2 9 7 8 14 
0 7 3 11 10 1 8 12 5 6 2 14 9 13 4 
14 5 7 1 10 6 9 3 12 0 11 13 4 2 8 
12 11 6 8 13 10 1 7 14 9 4 3 2 0 5 
8 9 11 3 4 13 10 2 0 12 5 6 7 1 14 
12 8 6 9 11 5 2 7 14 0 4 1 3 13 10 
14 11 8 4 10 5 3 2 6 9 12 13 0 1 7 
7 14 4 0 12 10 8 5 3 1 6 9 2 11 13 
11 12 4 14 13 1 5 8 0 7 10 9 2 6 3 
14 8 7 1 0 6 9 12 5 10 4 13 11 2 3 
8 7 10 14 5 12 9 2 11 1 3 0 13 6 4 
2 12 13 3 0 14 6 5 10 11 8 9 1 7 4 
PROCESSING TIMES
(85,99,113) (40,43,46) (6,6,6) (93,99,105) (23,23,23) (85,98,111) (77,84,91) (23,24,25) (27,30,33) (48,53,58) (34,34,34) (84,95,106) (50,50,50) (41,48,55) (34,38,42) 
(19,19,19) (23,24,25) (56,65,74) (15,16,17) (80,94,108) (8,9,10) (56,60,64) (31,32,33) (58,59,60) (76,85,94) (8,9,10) (32,36,40) (20,22,24) (25,25,25) (5,5,5) 
(54,54,54) (58,62,66) (80,93,106) (70,78,86) (57,59,61) (65,71,77) (42,49,56) (77,88,99) (34,40,46) (12,13,14) (15,17,19) (83,88,93) (47,47,47) (28,30,32) (56,56,56) 
(51,60,69) (15,16,17) (75,79,83) (84,84,84) (82,84,86) (41,42,43) (54,59,64) (13,14,15) (68,74,80) (55,60,65) (92,98,104) (17,17,17) (40,42,44) (27,31,35) (19,19,19) 
(49,49,49) (47,52,57) (41,46,51) (45,50,55) (1,1,1) (14,14,14) (2,2,2) (48,56,64) (61,64,67) (51,51,51) (64,75,86) (27,28,29) (8,9,10) (36,37,38) (6,6,6) 
(52,59,66) (64,65,66) (81,85,89) (40,40,40) (20,23,26) (35,39,43) (88,99,110) (43,46,49) (16,17,18) (88,94,100) (6,6,6) (58,67,76) (59,69,79) (74,86,98) (7,8,9) 
(10,10,10) (6,7,8) (22,22,22) (33,36,39) (28,31,34) (65,75,85) (49,57,65) (47,49,51) (42,44,46) (21,21,21) (74,77,80) (68,70,72) (58,64,70) (41,46,51) (65,69,73) 
(49,53,57) (72,74,76) (84,93,102) (24,26,28) (53,54,55) (82,89,96) (75,82,89) (61,66,71) (34,37,40) (60,63,66) (68,71,74) (17,17,17) (54,58,62) (4,4,4) (45,46,47) 
(68,76,84) (68,72,76) (39,42,45) (17,17,17) (24,27,30) (56,56,56) (75,78,81) (5,5,5) (71,72,73) (17,19,21) (89,90,91) (46,46,46) (43,43,43) (51,56,61) (17,17,17) 
(17,18,19) (75,79,83) (90,93,96) (69,71,73) (46,48,50) (23,23,23) (20,20,20) (82,90,98) (88,94,100) (77,87,97) (6,6,6) (36,36,36) (75,84,93) (23,25,27) (73,83,93) 
(46,52,58) (56,61,66) (42,45,48) (53,60,67) (14,15,16) (72,74,76) (42,49,56) (26,26,26) (84,94,104) (50,54,58) (1,1,1) (56,58,60) (56,56,56) (52,54,56) (72,72,72) 
(59,63,67) (69,73,77) (82,82,82) (72,84,96) (15,15,15) (47,54,61) (49,52,55) (46,52,58) (34,36,38) (20,21,22) (39,45,51) (36,41,46) (18,21,24) (96,97,98) (48,50,52) 
(88,90,92) (83,90,97) (73,77,81) (30,33,36) (27,31,35) (23,26,29) (12,14,16) (75,75,75) (82,92,102) (69,70,71) (55,55,55) (51,56,61) (38,39,40) (46,49,52) (21,23,25) 
(87,87,87) (45,47,49) (52,58,64) (34,34,34) (27,29,31) (83,83,83) (24,24,24) (43,48,53) (94,97,100) (81,89,97) (80,84,88) (80,82,84) (48,53,58) (87,99,111) (9,10,11) 
(33,35,37) (28,32,36) (28,30,32) (86,93,100) (54,58,62) (25,28,31) (76,88,100) (14,16,18) (93,98,103) (4,4,4) (78,82,86) (97,98,99) (25,26,27) (25,29,33) (70,77,84) 
(16,18,20) (88,92,96) (57,62,67) (52,59,66) (3,3,3) (93,94,95) (30,34,38) (48,56,64) (24,24,24) (17,18,19) (57,66,75) (52,53,54) (30,30,30) (36,41,46) (10,10,10) 
(2,2,2) (26,26,26) (15,17,19) (16,18,20) (54,60,66) (37,39,41) (23,23,23) (85,95,105) (72,81,90) (51,56,61) (31,34,37) (8,8,8) (41,47,53) (64,72,80) (49,56,63) 
(6,6,6) (79,79,79) (58,65,72) (58,58,58) (94,94,94) (44,45,46) (76,80,84) (3,3,3) (27,29,31) (77,80,83) (26,27,28) (56,60,64) (85,94,103) (13,14,15) (72,76,80) 
(30,31,32) (78,79,80) (80,87,94) (70,79,88) (49,57,65) (46,48,50) (32,33,34) (36,42,48) (87,93,99) (82,86,90) (50,54,58) (28,32,36) (7,8,9) (14,16,18) (60,63,66) 
(92,96,100) (1,1,1) (71,75,79) (37,42,47) (43,45,47) (47,51,55) (9,10,11) (50,58,66) (66,71,76) (80,92,104) (20,23,26) (18,18,18) (59,63,67) (26,27,28) (57,63,69) 
(77,84,91) (73,82,91) (14,16,18) (55,61,67) (43,43,43) (65,75,85) (25,28,31) (13,15,17) (19,19,19) (85,93,101) (21,22,23) (1,1,1) (58,62,66) (9,9,9) (5,5,5) 
(44,46,48) (27,29,31) (46,50,54) (12,12,12) (64,72,80) (17,18,19) (76,79,82) (73,73,73) (20,23,26) (1,1,1) (55,58,61) (1,1,1) (83,95,107) (22,25,28) (65,71,77) 
(10,10,10) (34,39,44) (44,49,54) (55,56,57) (65,71,77) (37,40,43) (78,90,102) (24,28,32) (77,89,101) (42,42,42) (8,9,10) (85,92,99) (50,52,54) (6,6,6) (17,20,23) 
(65,70,75) (54,63,72) (63,68,73) (92,97,102) (79,86,93) (80,81,82) (38,38,38) (6,7,8) (51,53,55) (42,48,54) (41,43,45) (53,59,65) (87,88,89) (29,29,29) (86,87,88) 
(71,81,91) (97,97,97) (58,65,72) (60,60,60) (15,15,15) (29,29,29) (8,9,10) (77,80,83) (74,78,82) (73,85,97) (87,95,103) (76,85,94) (91,91,91) (24,28,32) (87,92,97) 
(39,39,39) (6,6,6) (59,59,59) (34,34,34) (31,34,37) (29,32,35) (12,12,12) (7,7,7) (31,35,39) (4,4,4) (48,53,58) (61,69,77) (87,89,91) (3,3,3) (40,40,40) 
(88,98,108) (73,85,97) (48,51,54) (9,9,9) (22,24,26) (7,7,7) (51,59,67) (90,98,106) (43,50,57) (91,98,105) (61,64,67) (29,31,33) (29,31,33) (26,29,32) (1,1,1) 
(51,59,67) (62,68,74) (3,3,3) (8,8,8) (2,2,2) (8,9,10) (65,69,73) (14,14,14) (66,72,78) (77,84,91) (67,69,71) (54,54,54) (45,45,45) (53,59,65) (7,7,7) 
(90,92,94) (19,21,23) (46,53,60) (60,64,68) (57,59,61) (72,79,86) (52,52,52) (12,14,16) (60,61,62) (79,86,93) (72,82,92) (87,98,109) (79,83,87) (22,24,26) (79,87,95) 
(46,51,56) (70,70,70) (86,94,102) (68,80,92) (33,35,37) (56,56,56) (8,8,8) (94,94,94) (10,11,12) (3,3,3) (55,60,65) (67,73,79) (26,26,26) (21,21,21) (40,45,50) 
