NUMBER OF JOBS
30
NUMBER OF RESOURCES
15
RESOURCE SEQUENCE
10 11 9 8 1 7 6 2 5 13 4 14 0 12 3 
12 8 14 3 1 7 13 6 10 5 4 2 9 11 0 
12 0 3 13 14 10 2 6 9 1 11 4 5 7 8 
14 3 7 2 6 5 10 8 11 1 0 9 13 12 4 
6 5 7 4 9 3 13 10 1 0 14 11 8 12 2 
7 11 12 9 8 2 3 5 4 1 10 0 6 13 14 
11 12 1 7 14 6 3 5 8 9 13 4 10 0 2 
3 9 11 14 2 13 12 10 6 7 0 1 4 5 8 
9 2 3 13 10 14 12 1 7 0 6 8 11 4 5 
0 7 3 14 4 8 13 2 1 9 12 5 6 10 11 
2 12 0 4 14 10 8 13 7 3 6 9 5 1 11 
5 2 8 6 4 12 9 1 10 0 14 7 13 11 3 
14 5 0 3 7 1 4 8 2 12 11 13 9 10 6 
5 2 14 6 12 4 10 9 3 8 13 7 1 0 11 
4 9 0 6 1 10 13 3 2 12 5 11 7 8 14 
2 5 12 4 1 7 6 14 3 8 13 10 9 0 11 
6 10 1 8 12 2 11 9 14 5 0 7 13 3 4 
2 0 4 10 3 5 7 12 14 13 11 9 8 1 6 
5 6 8 0 10 11 13 14 7 2 12 1 4 9 3 
13 8 11 7 9 10 3 14 4 12 1 6 2 5 0 
1 6 14 3 12 10 7 13 5 0 4 11 9 2 8 
7 11 0 10 1 2 5 4 3 9 14 8 6 12 13 
6 7 12 13 11 3 8 1 10 9 0 5 2 14 4 
4 6 1 10 12 9 14 7 11 0 5 3 13 8 2 
7 2 10 9 5 3 1 13 11 8 4 14 12 6 0 
3 4 12 0 7 11 10 2 13 5 8 6 14 9 1 
11 12 0 13 6 2 1 9 5 7 3 10 4 14 8 
0 9 8 12 3 14 10 7 2 1 6 11 4 5 13 
4 2 7 11 6 3 1 10 8 9 13 0 12 14 5 
14 6 2 8 10 4 11 13 12 7 3 5 1 0 9 
PROCESSING TIMES
(31,36,41) (30,32,34) (38,40,42) (47,47,47) (75,87,99) (50,55,60) (72,77,82) (24,27,30) (80,89,98) (71,72,73) (83,93,103) (15,15,15) (84,98,112) (84,95,106) (32,32,32) 
(7,7,7) (36,42,48) (80,84,88) (65,76,87) (40,44,48) (62,66,70) (44,47,50) (70,72,74) (22,24,26) (59,68,77) (5,5,5) (31,35,39) (12,13,14) (55,55,55) (73,73,73) 
(55,59,63) (6,7,8) (76,85,94) (55,57,59) (90,98,106) (61,71,81) (53,61,69) (85,98,111) (3,3,3) (55,61,67) (11,12,13) (42,44,46) (7,7,7) (26,28,30) (3,3,3) 
(16,16,16) (3,3,3) (83,97,111) (25,27,29) (92,97,102) (93,93,93) (19,19,19) (9,9,9) (64,70,76) (18,19,20) (85,92,99) (25,27,29) (72,76,80) (1,1,1) (4,4,4) 
(68,71,74) (51,53,55) (31,36,41) (63,63,63) (16,16,16) (32,35,38) (24,27,30) (32,36,40) (76,79,82) (79,92,105) (22,23,24) (60,60,60) (42,49,56) (49,52,55) (18,19,20) 
(46,48,50) (77,88,99) (66,68,70) (6,6,6) (60,63,66) (25,25,25) (24,28,32) (58,67,76) (55,62,69) (49,53,57) (47,51,55) (61,65,69) (84,97,110) (13,15,17) (68,79,90) 
(43,49,55) (64,65,66) (23,26,29) (72,72,72) (55,60,65) (14,15,16) (61,70,79) (23,26,29) (68,71,74) (46,48,50) (79,79,79) (52,54,56) (95,98,101) (73,81,89) (38,43,48) 
(33,35,37) (26,28,30) (85,88,91) (52,58,64) (79,87,95) (18,18,18) (5,5,5) (68,74,80) (39,43,47) (26,28,30) (75,82,89) (32,34,36) (27,28,29) (94,98,102) (68,73,78) 
(80,83,86) (83,93,103) (81,86,91) (58,62,66) (18,18,18) (63,70,77) (67,67,67) (63,66,69) (14,14,14) (53,62,71) (46,47,48) (51,51,51) (89,90,91) (2,2,2) (90,98,106) 
(28,28,28) (86,94,102) (6,6,6) (63,66,69) (77,79,81) (69,71,73) (34,35,36) (56,57,58) (68,69,70) (69,75,81) (79,84,89) (42,47,52) (21,21,21) (59,66,73) (61,66,71) 
(17,20,23) (54,62,70) (34,37,40) (66,71,76) (17,19,21) (60,63,66) (88,90,92) (68,79,90) (85,87,89) (36,40,44) (85,92,99) (15,15,15) (5,5,5) (75,76,77) (43,45,47) 
(71,71,71) (56,59,62) (93,99,105) (70,70,70) (23,27,31) (53,54,55) (72,82,92) (58,62,66) (6,7,8) (5,5,5) (12,12,12) (84,90,96) (80,92,104) (74,83,92) (61,71,81) 
(90,90,90) (76,79,82) (47,48,49) (61,66,71) (81,86,91) (77,87,97) (3,3,3) (42,49,56) (73,84,95) (86,98,110) (46,46,46) (52,58,64) (73,74,75) (11,11,11) (19,21,23) 
(55,56,57) (46,49,52) (83,93,103) (11,11,11) (5,5,5) (31,32,33) (17,19,21) (95,96,97) (6,7,8) (80,80,80) (94,96,98) (15,17,19) (22,22,22) (41,45,49) (80,84,88) 
(91,93,95) (16,18,20) (22,25,28) (64,69,74) (62,65,68) (34,40,46) (79,85,91) (18,19,20) (82,88,94) (70,78,86) (30,35,40) (46,53,60) (44,46,48) (70,73,76) (16,16,16) 
(34,36,38) (16,18,20) (33,36,39) (30,34,38) (61,64,67) (73,80,87) (76,87,98) (40,40,40) (35,39,43) (54,63,72) (42,42,42) (68,74,80) (29,34,39) (85,87,89) (49,49,49) 
(74,84,94) (76,79,82) (61,63,65) (13,15,17) (63,73,83) (1,1,1) (52,58,64) (26,27,28) (67,67,67) (73,81,89) (16,18,20) (32,35,38) (48,52,56) (32,34,36) (83,95,107) 
(57,64,71) (42,48,54) (82,82,82) (1,1,1) (10,11,12) (19,19,19) (27,27,27) (91,93,95) (40,42,44) (78,83,88) (12,12,12) (35,37,39) (52,55,58) (60,66,72) (39,42,45) 
(73,77,81) (13,13,13) (55,55,55) (14,15,16) (64,72,80) (17,20,23) (68,71,74) (43,45,47) (34,39,44) (57,61,65) (70,73,76) (86,93,100) (29,34,39) (54,62,70) (59,66,73) 
(65,68,71) (15,15,15) (91,97,103) (75,85,95) (76,81,86) (49,53,57) (45,49,53) (60,70,80) (89,96,103) (56,65,74) (62,72,82) (73,76,79) (66,71,76) (79,81,83) (69,77,85) 
(56,62,68) (75,84,93) (51,58,65) (33,36,39) (62,63,64) (60,69,78) (9,10,11) (45,51,57) (34,34,34) (24,27,30) (18,19,20) (92,98,104) (21,21,21) (15,16,17) (22,23,24) 
(55,60,65) (17,17,17) (78,89,100) (80,87,94) (50,52,54) (79,80,81) (15,17,19) (29,30,31) (71,82,93) (44,50,56) (49,53,57) (76,78,80) (60,69,78) (69,77,85) (66,67,68) 
(51,56,61) (37,40,43) (28,32,36) (32,37,42) (32,37,42) (12,12,12) (10,11,12) (33,36,39) (82,85,88) (78,89,100) (79,85,91) (28,32,36) (62,66,70) (93,98,103) (73,79,85) 
(32,32,32) (55,56,57) (20,22,24) (90,95,100) (49,55,61) (19,20,21) (41,46,51) (8,8,8) (67,68,69) (49,49,49) (76,86,96) (92,92,92) (22,25,28) (24,24,24) (13,13,13) 
(52,53,54) (1,1,1) (85,92,99) (63,65,67) (10,10,10) (79,92,105) (85,92,99) (43,48,53) (39,39,39) (46,53,60) (46,49,52) (26,26,26) (75,75,75) (83,84,85) (2,2,2) 
(13,14,15) (60,67,74) (82,84,86) (30,31,32) (54,61,68) (57,63,69) (22,24,26) (50,51,52) (22,22,22) (30,33,36) (46,54,62) (8,8,8) (38,38,38) (6,7,8) (62,67,72) 
(59,68,77) (9,10,11) (47,55,63) (28,30,32) (25,26,27) (16,17,18) (4,4,4) (92,98,104) (49,55,61) (39,45,51) (24,27,30) (72,76,80) (84,96,108) (62,65,68) (60,60,60) 
(8,9,10) (22,24,26) (21,22,23) (40,40,40) (47,47,47) (66,73,80) (71,72,73) (69,70,71) (61,66,71) (17,19,21) (3,3,3) (91,97,103) (95,98,101) (77,85,93) (51,51,51) 
(47,54,61) (19,19,19) (66,72,78) (34,38,42) (16,18,20) (80,84,88) (66,71,76) (73,80,87) (42,46,50) (25,25,25) (27,29,31) (49,57,65) (86,92,98) (41,41,41) (73,75,77) 
(16,16,16) (72,79,86) (49,53,57) (89,98,107) (8,8,8) (20,20,20) (2,2,2) (57,64,71) (54,61,68) (68,78,88) (79,91,103) (34,35,36) (53,55,57) (82,92,102) (76,78,80) 
