NUMBER OF JOBS
30
NUMBER OF RESOURCES
15
RESOURCE SEQUENCE
3 11 14 5 8 6 13 0 1 2 9 10 7 12 4 
0 3 4 8 9 10 5 1 12 7 13 14 2 6 11 
12 10 5 8 7 14 11 2 1 6 13 4 9 3 0 
5 0 9 1 8 14 10 7 11 13 3 4 12 2 6 
12 6 3 11 2 8 14 5 0 9 13 4 7 1 10 
6 7 14 13 0 2 8 4 11 9 3 12 10 5 1 
8 12 9 7 11 5 6 14 4 13 0 1 10 2 3 
12 7 10 1 5 4 9 13 2 0 3 6 11 8 14 
8 7 13 12 10 6 1 3 4 2 0 14 5 9 11 
8 7 6 3 14 1 0 2 12 11 10 5 4 9 13 
2 8 13 11 1 5 12 3 6 10 7 4 0 14 9 
1 6 8 4 7 5 13 0 14 11 10 3 12 2 9 
14 13 9 8 7 12 1 4 10 6 2 3 0 5 11 
9 2 6 1 0 3 12 14 8 7 4 5 11 13 10 
11 10 8 3 5 7 2 14 13 6 9 0 4 1 12 
0 13 8 6 3 10 7 11 2 14 5 9 1 4 12 
9 5 1 12 11 2 14 7 4 8 3 6 13 10 0 
13 12 4 2 8 11 14 10 1 3 6 5 7 0 9 
12 14 10 5 2 7 11 13 8 6 3 9 1 0 4 
7 12 0 10 13 8 6 5 9 1 14 3 11 4 2 
6 12 7 11 13 14 3 9 10 4 1 8 2 5 0 
9 2 3 1 10 11 5 8 6 14 0 13 7 12 4 
0 14 1 12 5 8 11 10 13 6 9 2 4 3 7 
8 10 13 5 7 9 6 0 11 12 1 14 4 3 2 
3 10 9 0 5 2 12 4 14 8 6 11 7 1 13 
10 7 12 3 0 8 6 14 5 11 9 4 2 1 13 
0 13 2 12 5 11 6 8 4 9 3 7 10 1 14 
14 3 0 7 8 9 12 10 4 11 13 5 1 2 6 
13 1 5 6 2 14 8 7 9 10 3 11 4 12 0 
10 7 1 14 8 5 2 13 0 4 9 12 11 3 6 
PROCESSING TIMES
(4,4,4) (23,27,31) (83,90,97) (72,76,80) (76,76,76) (14,16,18) (35,38,41) (67,72,77) (71,80,89) (85,94,103) (96,97,98) (5,5,5) (39,44,49) (9,9,9) (20,23,26) 
(41,47,53) (48,48,48) (66,69,72) (72,84,96) (24,25,26) (29,34,39) (7,8,9) (30,32,34) (59,62,65) (88,90,92) (2,2,2) (82,92,102) (48,55,62) (23,25,27) (33,37,41) 
(87,87,87) (54,54,54) (71,76,81) (68,80,92) (15,17,19) (1,1,1) (25,26,27) (33,36,39) (11,12,13) (49,56,63) (61,71,81) (6,6,6) (38,42,46) (76,89,102) (91,96,101) 
(25,25,25) (11,11,11) (69,69,69) (33,38,43) (92,98,104) (48,50,52) (98,98,98) (49,50,51) (19,19,19) (69,76,83) (6,6,6) (89,95,101) (18,19,20) (34,37,40) (32,34,36) 
(10,10,10) (31,32,33) (82,94,106) (22,22,22) (55,55,55) (53,58,63) (6,6,6) (69,78,87) (32,36,40) (54,56,58) (14,16,18) (21,22,23) (59,59,59) (35,41,47) (60,63,66) 
(11,12,13) (57,59,61) (83,95,107) (91,93,95) (89,93,97) (7,7,7) (81,95,109) (9,10,11) (20,23,26) (44,48,52) (78,84,90) (60,64,68) (12,14,16) (78,90,102) (59,69,79) 
(38,43,48) (1,1,1) (27,27,27) (26,30,34) (25,25,25) (3,3,3) (86,94,102) (70,77,84) (6,6,6) (37,42,47) (15,17,19) (73,76,79) (28,29,30) (63,63,63) (57,59,61) 
(14,14,14) (53,59,65) (23,27,31) (55,59,63) (52,56,60) (6,6,6) (47,48,49) (39,43,47) (24,27,30) (26,27,28) (40,43,46) (30,32,34) (10,11,12) (5,5,5) (23,25,27) 
(13,14,15) (45,47,49) (20,21,22) (30,32,34) (28,29,30) (35,40,45) (59,63,67) (24,25,26) (48,49,50) (4,4,4) (60,67,74) (27,27,27) (9,9,9) (73,75,77) (13,15,17) 
(69,70,71) (96,97,98) (52,52,52) (20,22,24) (86,87,88) (80,87,94) (34,36,38) (83,86,89) (2,2,2) (91,93,95) (1,1,1) (16,16,16) (69,70,71) (97,99,101) (39,43,47) 
(5,5,5) (26,28,30) (69,77,85) (23,23,23) (56,63,70) (64,69,74) (31,35,39) (19,22,25) (83,90,97) (43,46,49) (59,67,75) (60,63,66) (62,63,64) (21,24,27) (77,79,81) 
(62,69,76) (23,25,27) (63,65,67) (29,29,29) (49,51,53) (88,88,88) (66,70,74) (24,25,26) (58,58,58) (17,20,23) (24,24,24) (33,38,43) (32,34,36) (62,71,80) (62,66,70) 
(4,4,4) (4,4,4) (32,34,36) (18,21,24) (53,60,67) (47,55,63) (70,70,70) (66,68,70) (78,80,82) (52,56,60) (28,29,30) (86,97,108) (73,84,95) (58,66,74) (44,50,56) 
(88,88,88) (72,81,90) (50,50,50) (38,38,38) (48,52,56) (7,7,7) (31,33,35) (41,46,51) (59,59,59) (36,38,40) (12,14,16) (65,66,67) (67,72,77) (80,80,80) (95,97,99) 
(31,35,39) (85,88,91) (89,98,107) (74,78,82) (84,86,88) (12,13,14) (82,94,106) (23,25,27) (48,50,52) (65,76,87) (83,89,95) (38,41,44) (50,53,56) (9,10,11) (86,99,112) 
(36,42,48) (15,16,17) (42,44,46) (40,40,40) (33,35,37) (62,71,80) (47,52,57) (31,35,39) (93,98,103) (67,73,79) (81,92,103) (44,44,44) (31,35,39) (68,79,90) (17,17,17) 
(43,46,49) (47,55,63) (72,74,76) (80,80,80) (78,89,100) (59,61,63) (33,34,35) (64,75,86) (34,39,44) (42,47,52) (66,70,74) (84,84,84) (24,26,28) (40,44,48) (75,82,89) 
(70,77,84) (38,40,42) (38,43,48) (67,76,85) (60,69,78) (42,42,42) (22,25,28) (34,34,34) (8,8,8) (76,77,78) (55,57,59) (53,56,59) (77,80,83) (12,12,12) (83,89,95) 
(87,96,105) (49,53,57) (3,3,3) (46,49,52) (73,76,79) (37,37,37) (46,50,54) (65,73,81) (84,98,112) (43,44,45) (85,89,93) (2,2,2) (1,1,1) (85,99,113) (83,89,95) 
(7,7,7) (84,91,98) (28,32,36) (38,44,50) (2,2,2) (59,66,73) (59,62,65) (21,22,23) (22,23,24) (81,92,103) (66,70,74) (29,31,33) (9,10,11) (80,94,108) (82,89,96) 
(40,46,52) (13,15,17) (22,23,24) (65,70,75) (55,57,59) (60,67,74) (53,58,63) (82,92,102) (58,66,74) (50,55,60) (13,13,13) (29,33,37) (57,64,71) (32,36,40) (21,21,21) 
(36,39,42) (33,35,37) (84,90,96) (65,67,69) (67,70,73) (87,94,101) (44,48,52) (74,76,78) (82,93,104) (43,46,49) (33,34,35) (58,58,58) (63,74,85) (46,49,52) (69,80,91) 
(88,99,110) (9,10,11) (88,90,92) (52,60,68) (5,5,5) (15,17,19) (24,24,24) (76,83,90) (34,37,40) (51,59,67) (15,17,19) (86,99,112) (42,42,42) (65,72,79) (33,36,39) 
(90,94,98) (60,69,78) (44,47,50) (83,96,109) (28,30,32) (28,29,30) (20,22,24) (26,26,26) (98,99,100) (12,13,14) (56,59,62) (59,66,73) (84,89,94) (1,1,1) (21,24,27) 
(90,91,92) (21,21,21) (42,42,42) (70,79,88) (8,8,8) (8,9,10) (66,66,66) (1,1,1) (58,59,60) (35,36,37) (50,54,58) (51,52,53) (82,87,92) (70,82,94) (31,33,35) 
(28,31,34) (93,93,93) (59,68,77) (68,72,76) (22,22,22) (84,85,86) (39,40,41) (70,76,82) (43,48,53) (81,83,85) (85,89,93) (74,83,92) (39,43,47) (61,69,77) (66,67,68) 
(63,64,65) (53,59,65) (54,63,72) (51,54,57) (21,21,21) (71,79,87) (33,35,37) (82,95,108) (6,7,8) (57,67,77) (14,15,16) (84,89,94) (51,54,57) (92,98,104) (23,26,29) 
(12,14,16) (85,93,101) (82,87,92) (13,15,17) (38,40,42) (20,20,20) (55,61,67) (7,8,9) (8,8,8) (57,57,57) (14,14,14) (80,90,100) (16,16,16) (36,36,36) (54,59,64) 
(2,2,2) (75,87,99) (8,8,8) (2,2,2) (12,12,12) (32,35,38) (6,6,6) (72,73,74) (72,82,92) (36,37,38) (18,19,20) (71,81,91) (17,19,21) (12,12,12) (55,60,65) 
(4,4,4) (8,9,10) (6,7,8) (59,59,59) (27,29,31) (34,39,44) (51,55,59) (18,18,18) (68,70,72) (14,14,14) (43,47,51) (69,75,81) (71,78,85) (96,99,102) (9,9,9) 
