NUMBER OF JOBS
30
NUMBER OF RESOURCES
15
RESOURCE SEQUENCE
4 12 9 11 5 14 10 0 2 1 7 6 3 8 13 
0 9 14 12 1 4 11 10 6 3 2 7 8 5 13 
0 5 3 8 7 14 12 13 9 4 10 2 11 6 1 
6 5 3 4 14 8 12 10 7 2 1 9 11 0 13 
8 13 10 0 6 2 7 12 11 14 1 5 3 9 4 
5 9 13 2 11 0 7 14 4 6 12 10 8 1 3 
9 10 7 8 1 4 6 13 14 12 0 3 2 11 5 
7 9 11 13 10 1 5 14 8 2 4 6 0 12 3 
10 3 2 14 12 13 8 6 11 0 1 9 7 5 4 
11 3 10 1 0 14 13 2 5 4 7 6 9 8 12 
5 2 9 8 3 4 10 12 1 11 13 7 14 6 0 
13 14 1 0 9 2 4 11 3 5 12 6 8 10 7 
1 14 12 9 5 11 3 10 13 4 0 2 8 6 7 
11 4 13 14 7 6 2 9 1 12 0 5 3 8 10 
6 13 0 5 11 9 3 12 2 8 10 4 14 1 7 
8 4 7 13 6 14 9 1 12 5 2 3 0 10 11 
7 11 2 12 10 1 5 14 3 8 6 0 9 4 13 
6 8 9 13 10 3 14 12 7 1 4 0 5 2 11 
12 10 7 4 1 11 0 6 3 8 14 5 2 13 9 
9 5 12 11 2 7 0 13 14 1 6 8 3 10 4 
7 3 13 8 6 11 2 14 4 9 10 1 5 0 12 
0 1 2 6 14 5 3 12 10 13 7 4 9 8 11 
1 3 6 5 2 8 0 7 10 14 12 11 9 13 4 
6 11 9 13 3 0 1 10 12 2 14 4 7 5 8 
2 3 0 4 9 1 12 5 10 8 13 14 6 7 11 
7 4 9 11 3 5 1 10 14 12 8 2 13 6 0 
9 12 7 5 2 10 4 14 8 6 1 0 3 11 13 
10 14 11 0 4 13 1 9 7 6 5 12 3 8 2 
13 14 5 4 6 1 0 12 11 3 10 2 9 7 8 
14 6 8 2 7 5 11 10 4 0 3 13 1 12 9 
PROCESSING TIMES
(82,96,110) (43,47,51) (38,40,42) (68,68,68) (42,49,56) (84,91,98) (53,57,61) (72,81,90) (78,87,96) (6,6,6) (81,82,83) (41,47,53) (97,97,97) (80,94,108) (66,75,84) 
(42,42,42) (52,55,58) (70,82,94) (58,61,64) (57,67,77) (72,79,86) (37,39,41) (41,43,45) (61,62,63) (36,41,46) (69,78,87) (32,36,40) (7,8,9) (21,21,21) (91,91,91) 
(49,52,55) (24,28,32) (43,48,53) (24,25,26) (2,2,2) (90,98,106) (81,95,109) (6,7,8) (58,68,78) (86,96,106) (62,72,82) (47,50,53) (67,68,69) (50,54,58) (37,37,37) 
(69,81,93) (56,59,62) (44,46,48) (61,61,61) (42,43,44) (70,71,72) (22,24,26) (67,71,75) (28,30,32) (80,87,94) (81,86,91) (10,10,10) (10,10,10) (81,93,105) (93,94,95) 
(30,30,30) (64,71,78) (58,65,72) (12,13,14) (29,30,31) (19,22,25) (44,46,48) (70,70,70) (75,88,101) (74,78,82) (72,79,86) (55,57,59) (63,71,79) (57,58,59) (35,36,37) 
(67,68,69) (28,32,36) (28,32,36) (13,15,17) (91,98,105) (88,95,102) (54,57,60) (58,66,74) (37,43,49) (27,31,35) (30,34,38) (59,60,61) (63,73,83) (56,56,56) (37,40,43) 
(24,27,30) (37,42,47) (21,24,27) (12,12,12) (21,22,23) (57,57,57) (89,93,97) (56,58,60) (60,67,74) (56,64,72) (28,30,32) (15,16,17) (21,21,21) (17,19,21) (30,33,36) 
(42,43,44) (47,51,55) (49,53,57) (57,62,67) (53,58,63) (36,38,40) (81,84,87) (62,65,68) (81,87,93) (26,26,26) (85,95,105) (57,61,65) (72,77,82) (48,49,50) (44,49,54) 
(93,93,93) (77,81,85) (54,55,56) (51,59,67) (69,70,71) (68,68,68) (96,97,98) (52,57,62) (47,48,49) (85,92,99) (78,82,86) (86,89,92) (85,87,89) (13,13,13) (53,54,55) 
(59,60,61) (31,33,35) (62,66,70) (85,96,107) (23,23,23) (32,36,40) (26,28,30) (47,53,59) (68,78,88) (72,78,84) (87,94,101) (64,72,80) (44,47,50) (28,28,28) (74,87,100) 
(96,98,100) (80,89,98) (25,27,29) (33,34,35) (87,88,89) (15,15,15) (64,64,64) (5,5,5) (4,4,4) (59,63,67) (65,69,73) (82,82,82) (25,29,33) (52,53,54) (60,69,78) 
(90,97,104) (76,87,98) (47,50,53) (64,68,72) (65,76,87) (66,74,82) (76,89,102) (15,15,15) (5,5,5) (2,2,2) (76,79,82) (58,59,60) (86,93,100) (18,19,20) (76,86,96) 
(51,60,69) (41,47,53) (12,13,14) (62,62,62) (85,95,105) (66,67,68) (89,89,89) (10,11,12) (28,29,30) (49,52,55) (55,62,69) (31,31,31) (49,51,53) (49,55,61) (39,39,39) 
(70,76,82) (92,92,92) (84,85,86) (18,20,22) (59,61,63) (13,14,15) (59,62,65) (51,52,53) (5,5,5) (56,63,70) (25,29,33) (79,85,91) (75,79,83) (45,52,59) (48,51,54) 
(56,61,66) (42,45,48) (84,93,102) (45,51,57) (84,97,110) (44,46,48) (84,88,92) (28,28,28) (54,57,60) (39,45,51) (21,23,25) (80,91,102) (63,66,69) (67,73,79) (36,41,46) 
(49,49,49) (52,58,64) (28,32,36) (30,30,30) (55,59,63) (49,57,65) (14,14,14) (33,33,33) (12,14,16) (57,59,61) (40,41,42) (51,59,67) (43,50,57) (60,67,74) (50,53,56) 
(94,94,94) (47,52,57) (6,7,8) (47,51,55) (7,8,9) (94,99,104) (85,97,109) (59,66,73) (86,98,110) (58,58,58) (46,52,58) (43,43,43) (80,80,80) (23,23,23) (18,18,18) 
(91,97,103) (55,57,59) (69,72,75) (91,97,103) (11,12,13) (64,70,76) (31,33,35) (69,72,75) (14,14,14) (2,2,2) (91,99,107) (26,30,34) (16,18,20) (91,95,99) (2,2,2) 
(61,64,67) (64,75,86) (59,63,67) (13,14,15) (51,55,59) (9,10,11) (77,89,101) (79,89,99) (23,24,25) (31,32,33) (66,70,74) (70,79,88) (67,71,75) (39,42,45) (13,14,15) 
(1,1,1) (70,82,94) (25,27,29) (19,22,25) (38,44,50) (93,97,101) (71,76,81) (16,16,16) (24,27,30) (22,24,26) (88,98,108) (22,25,28) (74,82,90) (74,75,76) (13,15,17) 
(24,26,28) (4,4,4) (16,18,20) (51,51,51) (43,47,51) (25,27,29) (6,6,6) (79,84,89) (70,72,74) (28,29,30) (85,91,97) (70,76,82) (76,78,80) (32,36,40) (86,93,100) 
(34,35,36) (39,39,39) (76,89,102) (50,53,56) (74,85,96) (6,7,8) (83,90,97) (16,16,16) (61,70,79) (44,49,54) (72,73,74) (12,13,14) (11,12,13) (77,89,101) (8,9,10) 
(49,56,63) (40,40,40) (46,51,56) (43,47,51) (74,77,80) (57,65,73) (78,84,90) (81,93,105) (50,54,58) (63,66,69) (6,6,6) (33,36,39) (86,87,88) (41,41,41) (6,7,8) 
(53,56,59) (1,1,1) (51,57,63) (43,45,47) (3,3,3) (12,14,16) (74,74,74) (29,29,29) (64,65,66) (38,43,48) (13,13,13) (37,42,47) (67,67,67) (44,45,46) (76,78,80) 
(75,81,87) (70,72,74) (93,99,105) (45,52,59) (64,69,74) (35,39,43) (74,74,74) (40,47,54) (28,29,30) (73,73,73) (6,6,6) (5,5,5) (2,2,2) (8,8,8) (25,25,25) 
(16,17,18) (57,64,71) (95,97,99) (90,94,98) (88,99,110) (61,68,75) (32,36,40) (21,21,21) (22,22,22) (55,61,67) (37,43,49) (88,93,98) (82,82,82) (82,91,100) (80,86,92) 
(17,20,23) (26,28,30) (84,98,112) (6,7,8) (17,18,19) (35,37,39) (56,60,64) (41,47,53) (53,62,71) (68,75,82) (40,42,44) (46,52,58) (92,97,102) (46,46,46) (89,98,107) 
(8,9,10) (15,15,15) (84,85,86) (54,55,56) (6,7,8) (6,6,6) (3,3,3) (27,27,27) (11,11,11) (29,31,33) (78,90,102) (76,81,86) (5,5,5) (84,86,88) (27,30,33) 
(53,53,53) (76,87,98) (91,93,95) (57,62,67) (17,19,21) (11,12,13) (51,53,55) (68,73,78) (4,4,4) (1,1,1) (60,65,70) (31,35,39) (65,65,65) (21,23,25) (34,40,46) 
(13,13,13) (22,22,22) (33,34,35) (5,5,5) (68,68,68) (74,81,88) (49,53,57) (60,66,72) (93,96,99) (49,50,51) (35,40,45) (62,70,78) (80,92,104) (12,13,14) (42,43,44) 
