NUMBER OF JOBS
30
NUMBER OF RESOURCES
15
RESOURCE SEQUENCE
5 3 12 6 9 1 14 4 2 13 10 0 8 11 7 
1 7 0 2 4 11 10 14 5 12 8 3 9 6 13 
9 1 6 4 0 10 5 13 7 11 14 2 3 8 12 
5 8 6 14 1 0 3 11 12 10 7 13 4 2 9 
0 11 1 5 9 13 14 2 7 12 3 8 4 10 6 
12 1 10 7 14 9 0 2 6 13 8 3 11 5 4 
8 12 3 11 6 5 2 7 10 13 14 1 4 0 9 
8 4 10 0 14 2 12 1 6 9 3 13 7 5 11 
12 5 3 8 4 11 7 14 2 1 13 6 9 10 0 
0 9 5 14 1 13 6 11 7 10 4 8 2 3 12 
13 6 4 7 2 8 12 10 5 11 0 1 3 9 14 
6 0 7 8 4 13 2 1 9 14 12 10 5 11 3 
6 0 4 7 2 12 10 8 13 11 14 9 3 5 1 
3 12 5 1 6 4 7 2 11 9 13 14 0 8 10 
11 3 1 13 7 9 8 14 10 4 6 2 12 0 5 
7 13 9 4 10 2 0 6 5 3 8 1 14 11 12 
7 5 14 10 13 6 3 2 9 12 4 8 1 0 11 
13 7 10 1 5 11 8 0 14 6 4 3 12 2 9 
5 10 7 11 14 1 12 0 13 2 4 6 3 9 8 
10 7 5 2 11 14 3 9 0 6 4 12 13 8 1 
11 3 6 2 7 10 1 13 0 4 8 5 14 9 12 
10 9 0 3 4 5 8 11 1 7 6 14 12 13 2 
10 9 0 4 7 2 1 13 6 14 12 8 11 3 5 
6 0 7 13 5 3 14 1 9 12 8 2 4 11 10 
7 6 11 5 13 12 8 4 14 9 0 3 1 2 10 
7 5 10 6 11 13 9 0 12 2 8 14 1 3 4 
13 7 2 9 1 11 0 5 8 10 12 6 3 14 4 
7 9 4 14 13 2 12 3 8 10 0 6 11 5 1 
9 12 7 11 4 5 0 1 13 8 3 10 2 6 14 
10 11 14 13 5 1 12 9 3 6 8 2 0 4 7 
PROCESSING TIMES
(17,20,23) (51,56,61) (65,69,73) (15,15,15) (6,6,6) (64,75,86) (77,84,91) (23,24,25) (57,64,71) (34,37,40) (78,79,80) (84,95,106) (27,27,27) (51,60,69) (31,35,39) 
(27,27,27) (55,58,61) (48,56,64) (29,30,31) (26,30,34) (52,57,62) (51,55,59) (60,63,66) (32,32,32) (38,43,48) (39,44,49) (66,74,82) (41,46,51) (11,11,11) (41,41,41) 
(40,43,46) (64,75,86) (7,8,9) (69,71,73) (46,50,54) (48,56,64) (12,13,14) (12,14,16) (89,99,109) (49,57,65) (81,86,91) (28,28,28) (35,37,39) (83,83,83) (60,70,80) 
(64,68,72) (63,66,69) (27,27,27) (33,33,33) (46,47,48) (67,73,79) (81,87,93) (65,70,75) (19,21,23) (21,22,23) (29,30,31) (10,10,10) (10,11,12) (10,10,10) (17,17,17) 
(6,6,6) (44,49,54) (10,11,12) (61,69,77) (48,50,52) (43,50,57) (12,12,12) (73,73,73) (72,84,96) (87,92,97) (1,1,1) (76,84,92) (84,88,92) (46,52,58) (45,46,47) 
(14,14,14) (7,7,7) (10,11,12) (70,79,88) (40,45,50) (20,22,24) (79,85,91) (63,67,71) (56,64,72) (64,75,86) (19,22,25) (31,35,39) (64,65,66) (26,30,34) (68,68,68) 
(61,67,73) (16,17,18) (51,58,65) (17,20,23) (43,45,47) (53,55,57) (53,53,53) (10,10,10) (3,3,3) (64,66,68) (57,63,69) (32,36,40) (87,93,99) (37,40,43) (82,85,88) 
(7,8,9) (24,27,30) (66,68,70) (36,39,42) (22,24,26) (61,67,73) (30,32,34) (40,42,44) (52,54,56) (18,18,18) (54,58,62) (73,75,77) (33,37,41) (59,63,67) (15,16,17) 
(81,83,85) (24,27,30) (3,3,3) (25,25,25) (65,68,71) (62,63,64) (29,33,37) (85,86,87) (12,12,12) (22,22,22) (69,75,81) (16,16,16) (41,44,47) (76,80,84) (47,48,49) 
(91,93,95) (52,54,56) (79,81,83) (14,14,14) (63,69,75) (62,66,70) (18,20,22) (2,2,2) (6,6,6) (87,88,89) (6,7,8) (68,73,78) (58,66,74) (58,66,74) (74,81,88) 
(57,62,67) (72,81,90) (34,36,38) (84,86,88) (81,95,109) (90,92,94) (42,46,50) (9,10,11) (6,6,6) (18,18,18) (41,41,41) (67,70,73) (29,29,29) (21,22,23) (14,15,16) 
(47,47,47) (33,38,43) (58,59,60) (85,97,109) (58,62,66) (8,9,10) (20,21,22) (28,30,32) (7,8,9) (21,23,25) (63,74,85) (48,48,48) (14,14,14) (66,68,70) (51,55,59) 
(63,67,71) (23,26,29) (3,3,3) (72,83,94) (64,73,82) (17,19,21) (12,12,12) (72,81,90) (15,15,15) (34,34,34) (80,88,96) (53,54,55) (33,35,37) (52,58,64) (69,69,69) 
(7,7,7) (38,42,46) (32,32,32) (86,93,100) (97,97,97) (4,4,4) (96,98,100) (72,80,88) (87,90,93) (53,58,63) (38,40,42) (15,15,15) (30,34,38) (51,58,65) (3,3,3) 
(63,68,73) (3,3,3) (37,39,41) (44,51,58) (66,71,76) (71,77,83) (41,44,47) (39,43,47) (6,6,6) (33,38,43) (9,10,11) (77,81,85) (40,42,44) (28,28,28) (62,65,68) 
(25,29,33) (11,12,13) (56,64,72) (52,55,58) (70,77,84) (17,20,23) (77,78,79) (35,39,43) (75,88,101) (46,47,48) (75,81,87) (35,41,47) (18,18,18) (7,7,7) (35,40,45) 
(59,61,63) (26,26,26) (21,24,27) (51,60,69) (68,76,84) (54,57,60) (67,67,67) (25,28,31) (55,61,67) (55,60,65) (3,3,3) (18,20,22) (44,47,50) (23,26,29) (80,90,100) 
(29,33,37) (82,82,82) (32,36,40) (51,51,51) (97,97,97) (19,19,19) (60,63,66) (25,27,29) (34,35,36) (27,28,29) (25,26,27) (12,13,14) (61,66,71) (11,11,11) (25,26,27) 
(49,49,49) (65,71,77) (87,99,111) (57,67,77) (74,77,80) (19,20,21) (82,96,110) (1,1,1) (82,88,94) (20,21,22) (74,81,88) (73,84,95) (43,49,55) (82,92,102) (7,7,7) 
(80,83,86) (16,17,18) (81,92,103) (82,87,92) (16,17,18) (56,61,66) (27,31,35) (1,1,1) (62,67,72) (69,80,91) (7,8,9) (16,16,16) (47,50,53) (9,9,9) (62,69,76) 
(35,38,41) (65,73,81) (75,86,97) (59,65,71) (82,83,84) (22,25,28) (31,35,39) (19,22,25) (81,81,81) (13,14,15) (18,19,20) (39,42,45) (21,21,21) (29,30,31) (77,83,89) 
(62,67,72) (60,61,62) (85,96,107) (41,44,47) (13,13,13) (38,38,38) (44,51,58) (85,90,95) (73,84,95) (27,30,33) (12,13,14) (59,60,61) (17,20,23) (12,14,16) (81,82,83) 
(79,87,95) (69,75,81) (21,24,27) (58,67,76) (17,20,23) (95,96,97) (69,76,83) (56,61,66) (42,44,46) (45,51,57) (84,90,96) (34,40,46) (4,4,4) (15,16,17) (49,51,53) 
(20,22,24) (52,52,52) (35,35,35) (52,58,64) (1,1,1) (59,62,65) (4,4,4) (60,68,76) (8,8,8) (35,39,43) (48,48,48) (75,76,77) (51,51,51) (22,25,28) (37,37,37) 
(30,34,38) (51,51,51) (27,27,27) (39,40,41) (10,11,12) (93,96,99) (76,81,86) (75,88,101) (83,90,97) (29,32,35) (62,62,62) (45,52,59) (86,91,96) (54,54,54) (95,96,97) 
(39,40,41) (1,1,1) (3,3,3) (65,71,77) (18,20,22) (51,52,53) (88,92,96) (65,73,81) (15,17,19) (77,87,97) (79,81,83) (35,35,35) (22,24,26) (20,23,26) (88,93,98) 
(58,58,58) (59,65,71) (1,1,1) (75,81,87) (29,34,39) (44,48,52) (70,82,94) (30,32,34) (22,23,24) (41,44,47) (19,20,21) (71,80,89) (73,85,97) (51,56,61) (85,90,95) 
(72,82,92) (58,61,64) (68,68,68) (59,65,71) (44,48,52) (85,88,91) (2,2,2) (75,76,77) (37,37,37) (65,72,79) (18,18,18) (11,11,11) (31,33,35) (21,24,27) (61,65,69) 
(91,94,97) (13,14,15) (17,17,17) (22,25,28) (56,57,58) (74,81,88) (7,8,9) (72,81,90) (56,59,62) (90,97,104) (39,43,47) (30,34,38) (55,55,55) (33,36,39) (2,2,2) 
(20,23,26) (60,64,68) (7,7,7) (87,89,91) (13,13,13) (87,96,105) (77,84,91) (83,91,99) (20,20,20) (3,3,3) (44,45,46) (45,50,55) (1,1,1) (36,41,46) (49,57,65) 
