NUMBER OF JOBS
30
NUMBER OF RESOURCES
15
RESOURCE SEQUENCE
5 11 1 9 6 4 13 3 7 10 12 14 2 8 0 
11 8 4 9 1 2 12 5 10 13 6 7 14 0 3 
9 2 0 13 10 6 11 3 8 14 12 5 7 4 1 
12 1 13 5 14 0 8 11 7 3 4 6 2 10 9 
5 10 12 8 7 2 14 9 13 4 11 0 6 1 3 
4 11 2 14 12 5 10 8 1 6 9 0 13 3 7 
2 3 0 6 14 11 7 5 4 12 13 8 9 1 10 
14 5 6 8 9 10 1 2 4 7 11 3 13 12 0 
13 2 10 0 6 9 8 7 4 14 5 1 3 11 12 
6 1 14 10 7 2 4 11 0 13 9 8 3 5 12 
4 6 7 13 11 8 10 5 3 0 9 2 14 12 1 
5 13 9 2 0 12 14 7 1 10 3 6 11 8 4 
12 6 2 0 10 3 11 4 14 5 7 9 13 8 1 
3 12 4 10 8 7 5 1 6 11 9 14 13 2 0 
10 6 11 5 13 3 1 12 0 14 8 2 7 9 4 
10 13 1 4 11 5 6 7 14 3 8 2 0 12 9 
2 6 5 13 4 10 14 7 0 8 3 12 11 9 1 
14 13 2 1 4 9 11 0 3 12 8 7 6 5 10 
7 0 3 8 2 4 10 1 13 5 6 12 14 11 9 
0 1 11 14 5 2 9 13 8 4 6 10 12 3 7 
12 11 13 10 14 4 8 1 9 3 7 5 0 6 2 
10 0 1 4 14 13 7 9 2 3 11 12 8 5 6 
0 11 8 5 6 9 14 4 2 13 10 7 12 1 3 
12 5 1 7 13 4 8 11 0 10 6 14 9 2 3 
5 8 3 4 13 9 12 10 1 7 0 11 2 6 14 
0 14 3 12 6 10 8 7 9 13 2 1 5 4 11 
8 4 14 7 2 13 11 12 0 5 6 3 9 10 1 
12 2 0 3 5 13 14 1 11 4 8 7 9 6 10 
10 3 2 13 8 6 11 9 0 1 4 7 5 14 12 
5 10 11 4 0 2 3 9 13 8 12 7 6 14 1 
PROCESSING TIMES
(65,76,87) (4,4,4) (90,98,106) (1,1,1) (48,51,54) (92,92,92) (64,75,86) (43,47,51) (33,35,37) (63,70,77) (19,21,23) (20,20,20) (70,79,88) (81,81,81) (54,63,72) 
(63,71,79) (85,85,85) (3,3,3) (43,45,47) (12,13,14) (54,57,60) (23,26,29) (58,63,68) (36,38,40) (86,91,96) (71,73,75) (53,59,65) (65,74,83) (33,37,41) (58,65,72) 
(60,60,60) (74,74,74) (33,35,37) (63,73,83) (44,49,54) (1,1,1) (89,92,95) (5,5,5) (38,41,44) (2,2,2) (81,95,109) (24,28,32) (32,37,42) (70,78,86) (74,86,98) 
(90,95,100) (72,73,74) (22,23,24) (77,77,77) (40,47,54) (23,24,25) (28,29,30) (88,88,88) (67,69,71) (48,49,50) (25,28,31) (62,66,70) (4,4,4) (38,41,44) (3,3,3) 
(26,28,30) (25,26,27) (68,71,74) (78,81,84) (31,36,41) (95,96,97) (94,95,96) (41,45,49) (9,10,11) (49,55,61) (84,87,90) (56,65,74) (52,54,56) (26,26,26) (51,60,69) 
(38,40,42) (33,36,39) (5,5,5) (75,78,81) (55,63,71) (94,96,98) (24,25,26) (85,86,87) (73,85,97) (49,56,63) (22,25,28) (28,30,32) (91,98,105) (73,78,83) (35,41,47) 
(78,90,102) (13,15,17) (78,89,100) (85,87,89) (45,52,59) (59,59,59) (20,22,24) (38,42,46) (41,46,51) (51,60,69) (52,54,56) (83,87,91) (22,22,22) (93,97,101) (1,1,1) 
(49,51,53) (67,75,83) (2,2,2) (76,86,96) (18,19,20) (81,88,95) (20,20,20) (79,88,97) (22,24,26) (41,42,43) (83,90,97) (18,20,22) (27,29,31) (18,20,22) (48,50,52) 
(11,11,11) (92,96,100) (86,92,98) (91,94,97) (70,78,86) (59,63,67) (41,44,47) (8,8,8) (61,68,75) (77,77,77) (50,52,54) (72,74,76) (37,43,49) (10,10,10) (86,87,88) 
(74,75,76) (72,78,84) (27,27,27) (25,27,29) (78,82,86) (88,91,94) (86,88,90) (73,76,79) (36,37,38) (43,43,43) (48,52,56) (67,71,75) (40,45,50) (98,99,100) (62,70,78) 
(43,47,51) (7,8,9) (87,99,111) (78,85,92) (10,11,12) (14,16,18) (23,24,25) (10,10,10) (9,10,11) (12,12,12) (33,37,41) (36,39,42) (37,38,39) (75,76,77) (87,91,95) 
(62,62,62) (92,98,104) (64,68,72) (14,14,14) (49,57,65) (2,2,2) (51,52,53) (31,36,41) (54,58,62) (47,54,61) (93,99,105) (53,57,61) (45,52,59) (80,90,100) (50,58,66) 
(53,53,53) (6,6,6) (63,65,67) (66,68,70) (49,53,57) (63,66,69) (13,15,17) (72,83,94) (69,80,91) (64,73,82) (86,86,86) (51,57,63) (23,23,23) (88,88,88) (34,37,40) 
(71,73,75) (61,65,69) (48,54,60) (95,95,95) (12,12,12) (62,69,76) (4,4,4) (7,7,7) (11,12,13) (82,82,82) (5,5,5) (22,22,22) (13,15,17) (2,2,2) (37,38,39) 
(54,59,64) (47,49,51) (29,29,29) (61,69,77) (69,79,89) (53,57,61) (26,27,28) (53,62,71) (53,57,61) (20,22,24) (27,29,31) (38,42,46) (52,59,66) (17,20,23) (82,86,90) 
(77,81,85) (24,24,24) (52,55,58) (82,95,108) (2,2,2) (85,94,103) (34,38,42) (41,43,45) (14,15,16) (46,52,58) (54,54,54) (59,66,73) (55,64,73) (24,24,24) (27,29,31) 
(17,20,23) (25,25,25) (70,70,70) (6,6,6) (3,3,3) (5,5,5) (64,73,82) (24,25,26) (57,58,59) (31,36,41) (78,91,104) (20,22,24) (58,61,64) (38,38,38) (30,33,36) 
(55,61,67) (18,20,22) (19,21,23) (21,22,23) (19,22,25) (61,69,77) (86,98,110) (12,12,12) (27,30,33) (98,98,98) (28,28,28) (8,8,8) (7,7,7) (48,51,54) (64,66,68) 
(73,77,81) (3,3,3) (11,11,11) (21,23,25) (51,56,61) (28,30,32) (74,77,80) (64,64,64) (48,52,56) (62,70,78) (3,3,3) (83,97,111) (90,93,96) (52,54,56) (13,15,17) 
(1,1,1) (21,22,23) (94,99,104) (31,34,37) (42,48,54) (13,15,17) (8,9,10) (64,67,70) (82,85,88) (39,41,43) (12,13,14) (45,48,51) (6,7,8) (61,66,71) (47,55,63) 
(41,44,47) (81,94,107) (29,33,37) (27,28,29) (22,23,24) (30,31,32) (9,10,11) (14,15,16) (45,50,55) (59,68,77) (6,7,8) (50,50,50) (69,79,89) (68,76,84) (78,89,100) 
(73,73,73) (2,2,2) (69,76,83) (25,26,27) (47,50,53) (91,93,95) (89,93,97) (33,35,37) (59,64,69) (41,42,43) (15,17,19) (24,26,28) (57,60,63) (73,73,73) (49,57,65) 
(75,79,83) (49,56,63) (19,22,25) (36,39,42) (27,27,27) (33,38,43) (12,14,16) (54,55,56) (59,64,69) (92,99,106) (24,28,32) (84,97,110) (6,7,8) (91,92,93) (64,71,78) 
(2,2,2) (3,3,3) (31,33,35) (71,74,77) (60,69,78) (54,58,62) (86,99,112) (74,79,84) (80,84,88) (84,92,100) (97,98,99) (41,41,41) (33,37,41) (12,12,12) (11,12,13) 
(44,46,48) (20,23,26) (48,48,48) (68,69,70) (70,71,72) (8,9,10) (94,94,94) (39,44,49) (1,1,1) (26,26,26) (91,93,95) (53,54,55) (22,24,26) (75,77,79) (42,44,46) 
(71,83,95) (80,86,92) (6,6,6) (54,61,68) (39,39,39) (63,72,81) (1,1,1) (8,8,8) (17,17,17) (60,60,60) (40,41,42) (15,16,17) (19,21,23) (21,21,21) (6,6,6) 
(27,28,29) (53,59,65) (56,62,68) (86,97,108) (51,52,53) (57,58,59) (44,49,54) (71,83,95) (11,11,11) (49,49,49) (22,24,26) (52,56,60) (37,43,49) (31,34,37) (20,23,26) 
(69,75,81) (77,82,87) (70,75,80) (88,94,100) (59,67,75) (13,15,17) (21,23,25) (54,57,60) (4,4,4) (45,51,57) (22,23,24) (40,40,40) (57,63,69) (89,97,105) (19,20,21) 
(14,14,14) (33,33,33) (14,16,18) (14,14,14) (24,24,24) (1,1,1) (18,20,22) (83,96,109) (70,75,80) (35,36,37) (83,92,101) (73,74,75) (12,13,14) (77,79,81) (44,48,52) 
(30,33,36) (79,89,99) (84,89,94) (45,49,53) (53,58,63) (29,32,35) (95,95,95) (59,64,69) (10,11,12) (13,13,13) (43,43,43) (96,98,100) (32,32,32) (51,56,61) (57,62,67) 
