NUMERO DE TRABAJOS
30
NUMERO DE RECURSOS
20
SECUENCIA DE MAQUINAS
5 13 3 15 19 9 10 6 12 4 2 14 8 7 16 11 0 17 18 1 
13 2 15 12 4 9 3 7 5 0 8 14 6 19 1 10 18 17 16 11 
8 5 2 18 17 14 0 4 11 3 16 7 6 1 12 15 10 19 13 9 
13 8 0 11 3 14 7 4 18 6 19 5 2 9 10 15 17 1 12 16 
8 6 2 13 16 11 15 12 9 4 19 17 5 3 7 1 10 18 14 0 
1 13 10 0 2 12 19 5 17 16 18 4 15 8 7 6 14 11 3 9 
2 3 16 17 10 15 13 12 9 19 8 0 18 11 14 1 5 7 4 6 
12 10 17 4 3 11 2 19 8 9 13 14 7 18 15 6 16 1 5 0 
10 14 3 0 7 17 19 2 11 16 6 4 18 1 13 5 12 15 8 9 
0 2 3 9 8 12 16 13 4 10 6 19 15 1 5 17 7 14 18 11 
1 4 0 10 15 11 16 9 19 13 14 8 6 17 18 12 2 7 3 5 
6 5 9 10 0 2 3 12 11 7 13 8 19 14 16 4 17 1 18 15 
13 19 11 5 2 15 14 4 3 6 10 1 12 18 9 7 16 17 8 0 
10 3 4 9 17 8 0 19 2 11 12 1 18 15 5 16 6 14 13 7 
4 14 8 15 11 9 10 1 17 16 5 18 6 13 19 12 7 3 2 0 
4 9 18 19 3 17 15 16 5 8 11 14 0 2 1 12 6 10 13 7 
17 10 13 19 0 12 14 18 2 5 11 16 7 4 8 1 15 6 9 3 
19 13 9 3 6 17 7 16 5 14 15 18 0 2 1 12 8 11 10 4 
9 11 17 13 3 1 10 16 0 5 7 6 4 2 18 15 14 19 8 12 
17 8 13 7 4 0 6 9 16 18 11 5 10 12 2 19 15 14 3 1 
17 2 7 16 6 12 14 9 3 18 0 4 5 8 1 19 10 11 15 13 
0 7 16 12 3 6 19 2 10 9 18 8 13 5 11 4 15 1 17 14 
10 18 4 5 12 6 9 1 11 13 8 7 17 0 2 14 19 15 16 3 
14 0 5 11 9 19 10 15 2 3 4 18 17 13 12 7 6 1 16 8 
11 6 18 14 16 0 17 10 9 2 7 4 19 5 8 1 12 15 13 3 
18 13 10 12 1 9 0 7 2 5 16 6 17 8 14 3 4 11 19 15 
14 2 19 10 11 16 9 7 15 1 5 13 4 8 18 0 3 12 6 17 
0 18 8 9 12 17 16 19 15 11 2 13 3 10 5 7 6 4 1 14 
18 11 9 14 4 0 16 3 8 6 13 15 7 2 10 12 19 17 5 1 
16 3 9 6 2 18 11 1 4 0 5 7 12 15 8 14 13 19 10 17 
DURACIONES
(59,59,59) (67,72,77) (81,92,103) (30,35,40) (17,17,17) (42,48,54) (51,57,63) (17,18,19) (47,55,63) (47,51,55) (8,8,8) (63,68,73) (85,90,95) (37,39,41) (73,79,85) (38,40,42) (59,66,73) (55,55,55) (59,62,65) (60,66,72) 
(38,42,46) (59,60,61) (49,52,55) (14,14,14) (79,83,87) (87,95,103) (32,36,40) (25,28,31) (4,4,4) (28,31,34) (13,14,15) (23,23,23) (63,71,79) (88,95,102) (69,69,69) (17,17,17) (12,13,14) (23,23,23) (73,78,83) (44,51,58) 
(81,93,105) (12,12,12) (32,34,36) (29,32,35) (52,59,66) (66,73,80) (41,46,51) (25,25,25) (76,82,88) (85,90,95) (69,70,71) (24,27,30) (71,82,93) (85,85,85) (35,40,45) (31,35,39) (58,61,64) (80,92,104) (97,98,99) (51,53,55) 
(29,31,33) (95,95,95) (36,36,36) (55,61,67) (87,92,97) (24,24,24) (63,70,77) (14,15,16) (67,76,85) (46,50,54) (17,18,19) (28,30,32) (80,93,106) (58,62,66) (72,83,94) (16,16,16) (71,75,79) (26,29,32) (33,35,37) (28,31,34) 
(26,27,28) (9,10,11) (91,93,95) (25,26,27) (63,64,65) (69,70,71) (15,16,17) (43,48,53) (42,46,50) (36,37,38) (78,89,100) (77,83,89) (65,71,77) (69,72,75) (44,45,46) (67,73,79) (91,97,103) (12,12,12) (50,57,64) (58,62,66) 
(9,9,9) (16,16,16) (75,75,75) (20,21,22) (44,49,54) (83,97,111) (5,5,5) (19,20,21) (23,26,29) (50,50,50) (24,26,28) (20,20,20) (7,8,9) (91,96,101) (50,50,50) (79,84,89) (7,7,7) (49,52,55) (65,73,81) (40,43,46) 
(19,20,21) (70,76,82) (3,3,3) (44,45,46) (50,53,56) (6,6,6) (78,83,88) (68,77,86) (19,21,23) (49,52,55) (28,32,36) (26,27,28) (84,93,102) (72,81,90) (69,78,87) (6,6,6) (90,93,96) (60,60,60) (12,12,12) (32,35,38) 
(36,41,46) (57,59,61) (33,37,41) (82,89,96) (84,87,90) (28,32,36) (94,98,102) (24,24,24) (27,30,33) (84,84,84) (49,49,49) (80,84,88) (38,44,50) (16,16,16) (40,43,46) (57,65,73) (42,44,46) (73,83,93) (62,71,80) (67,71,75) 
(43,46,49) (34,36,38) (59,60,61) (59,59,59) (51,53,55) (55,58,61) (8,8,8) (33,33,33) (69,70,71) (91,93,95) (35,38,41) (5,5,5) (67,75,83) (21,23,25) (95,98,101) (82,90,98) (18,18,18) (56,62,68) (4,4,4) (55,56,57) 
(25,27,29) (27,31,35) (42,45,48) (49,57,65) (74,79,84) (13,14,15) (76,82,88) (87,96,105) (4,4,4) (17,17,17) (40,46,52) (3,3,3) (7,7,7) (39,42,45) (24,24,24) (80,86,92) (66,67,68) (68,79,90) (43,43,43) (17,17,17) 
(62,72,82) (51,54,57) (51,51,51) (77,87,97) (49,52,55) (4,4,4) (33,35,37) (62,62,62) (15,15,15) (39,45,51) (75,84,93) (64,65,66) (82,85,88) (47,49,51) (91,98,105) (5,5,5) (74,81,88) (7,8,9) (64,72,80) (32,33,34) 
(30,31,32) (85,86,87) (41,46,51) (3,3,3) (61,63,65) (52,58,64) (70,81,92) (7,7,7) (48,54,60) (39,39,39) (45,46,47) (85,92,99) (87,96,105) (54,57,60) (38,40,42) (45,49,53) (55,57,59) (80,86,92) (18,20,22) (85,91,97) 
(31,35,39) (5,5,5) (39,43,47) (74,84,94) (71,77,83) (18,20,22) (81,84,87) (67,70,73) (68,79,90) (46,52,58) (90,92,94) (30,34,38) (38,39,40) (30,30,30) (58,65,72) (10,11,12) (83,88,93) (31,32,33) (69,80,91) (2,2,2) 
(58,59,60) (33,36,39) (70,72,74) (43,46,49) (42,48,54) (69,72,75) (70,76,82) (45,48,51) (60,69,78) (56,62,68) (29,30,31) (42,48,54) (7,7,7) (88,89,90) (35,37,39) (43,49,55) (28,30,32) (49,52,55) (1,1,1) (54,56,58) 
(17,18,19) (34,35,36) (53,61,69) (20,23,26) (42,46,50) (12,12,12) (38,38,38) (55,59,63) (49,50,51) (75,75,75) (53,60,67) (53,57,61) (61,63,65) (89,89,89) (65,71,77) (45,52,59) (74,83,92) (77,86,95) (80,81,82) (98,98,98) 
(30,33,36) (13,14,15) (18,19,20) (78,84,90) (63,69,75) (54,59,64) (2,2,2) (81,83,85) (12,12,12) (20,21,22) (70,73,76) (74,83,92) (23,26,29) (83,94,105) (62,65,68) (98,98,98) (72,83,94) (42,45,48) (39,40,41) (84,89,94) 
(56,63,70) (65,72,79) (71,80,89) (2,2,2) (88,94,100) (11,11,11) (24,25,26) (10,10,10) (78,90,102) (68,73,78) (19,20,21) (88,92,96) (10,11,12) (73,85,97) (56,63,70) (92,97,102) (38,38,38) (12,13,14) (38,42,46) (56,59,62) 
(86,95,104) (4,4,4) (85,95,105) (6,6,6) (66,67,68) (27,30,33) (80,88,96) (24,26,28) (56,57,58) (56,61,66) (9,9,9) (34,35,36) (23,23,23) (44,47,50) (45,46,47) (89,96,103) (18,19,20) (50,54,58) (66,75,84) (11,11,11) 
(62,64,66) (72,79,86) (82,87,92) (90,91,92) (2,2,2) (57,61,65) (31,31,31) (79,85,91) (52,53,54) (74,77,80) (24,25,26) (81,94,107) (43,43,43) (12,13,14) (37,40,43) (55,59,63) (3,3,3) (80,80,80) (7,7,7) (89,98,107) 
(56,56,56) (11,12,13) (67,74,81) (41,42,43) (87,98,109) (65,75,85) (17,18,19) (94,98,102) (20,20,20) (69,72,75) (32,34,36) (71,74,77) (10,10,10) (97,98,99) (11,12,13) (94,95,96) (29,33,37) (62,69,76) (84,93,102) (81,81,81) 
(67,73,79) (38,38,38) (25,25,25) (80,92,104) (37,38,39) (84,91,98) (88,95,102) (2,2,2) (74,79,84) (38,41,44) (3,3,3) (97,99,101) (76,83,90) (16,18,20) (11,12,13) (68,71,74) (4,4,4) (66,66,66) (18,20,22) (50,53,56) 
(61,61,61) (21,24,27) (23,24,25) (22,22,22) (76,85,94) (50,56,62) (85,98,111) (5,5,5) (28,29,30) (63,73,83) (27,27,27) (89,99,109) (4,4,4) (89,99,109) (55,63,71) (25,25,25) (54,61,68) (47,51,55) (78,84,90) (26,30,34) 
(5,5,5) (16,17,18) (36,40,44) (85,88,91) (27,30,33) (3,3,3) (1,1,1) (91,96,101) (8,9,10) (91,94,97) (68,69,70) (69,72,75) (80,90,100) (13,14,15) (36,41,46) (45,50,55) (60,69,78) (37,38,39) (12,12,12) (1,1,1) 
(50,55,60) (17,19,21) (53,61,69) (55,61,67) (94,97,100) (68,76,84) (34,38,42) (63,69,75) (21,24,27) (58,62,66) (21,24,27) (85,94,103) (3,3,3) (5,5,5) (72,84,96) (40,43,46) (65,73,81) (73,76,79) (41,47,53) (89,91,93) 
(74,85,96) (89,98,107) (68,68,68) (53,57,61) (59,63,67) (51,58,65) (68,74,80) (49,52,55) (59,59,59) (45,47,49) (71,73,75) (73,79,85) (42,48,54) (33,38,43) (88,88,88) (81,85,89) (4,4,4) (43,44,45) (37,37,37) (64,75,86) 
(39,44,49) (30,32,34) (34,38,42) (89,93,97) (38,40,42) (54,56,58) (78,80,82) (83,90,97) (64,74,84) (80,82,84) (56,59,62) (82,91,100) (39,40,41) (26,26,26) (69,74,79) (7,7,7) (49,49,49) (79,88,97) (59,60,61) (33,35,37) 
(74,75,76) (70,73,76) (12,13,14) (4,4,4) (77,77,77) (5,5,5) (55,57,59) (85,98,111) (56,60,64) (95,99,103) (12,12,12) (13,14,15) (25,25,25) (75,86,97) (12,13,14) (80,93,106) (37,41,45) (1,1,1) (46,53,60) (49,54,59) 
(29,33,37) (72,75,78) (88,97,106) (31,31,31) (74,84,94) (44,49,54) (48,51,54) (26,30,34) (55,62,69) (67,67,67) (76,84,92) (40,45,50) (42,48,54) (58,62,66) (63,64,65) (82,87,92) (13,14,15) (68,76,84) (39,42,45) (67,71,75) 
(66,74,82) (90,98,106) (11,11,11) (85,96,107) (37,39,41) (30,31,32) (50,54,58) (43,49,55) (47,51,55) (38,40,42) (20,21,22) (17,19,21) (42,44,46) (73,76,79) (60,64,68) (40,43,46) (8,9,10) (30,30,30) (58,66,74) (16,17,18) 
(29,31,33) (75,77,79) (92,92,92) (24,27,30) (63,71,79) (81,82,83) (32,36,40) (33,33,33) (48,48,48) (84,91,98) (48,49,50) (36,39,42) (88,91,94) (46,47,48) (72,74,76) (15,17,19) (60,62,64) (26,28,30) (87,91,95) (51,58,65) 
TIEMPOS MAXIMOS DE FIN
(10000,10000) (10000,10000) (10000,10000) (10000,10000) (10000,10000) (10000,10000) (10000,10000) (10000,10000) (10000,10000) (10000,10000) (10000,10000) (10000,10000) (10000,10000) (10000,10000) (10000,10000) (10000,10000) (10000,10000) (10000,10000) (10000,10000) (10000,10000) (10000,10000) (10000,10000) (10000,10000) (10000,10000) (10000,10000) (10000,10000) (10000,10000) (10000,10000) (10000,10000) (10000,10000) 
// Desviacion: min(0), max(0.146667), promedio(0.0607309)
