NUMERO DE TRABAJOS
30
NUMERO DE RECURSOS
20
SECUENCIA DE MAQUINAS
11 19 16 7 12 1 10 8 6 18 2 13 17 14 0 3 15 4 5 9 
4 19 8 17 0 5 1 6 11 12 10 13 2 3 15 18 16 7 14 9 
19 10 14 11 3 2 13 1 0 12 9 18 4 5 16 17 7 6 8 15 
2 15 6 19 17 14 12 13 1 11 5 4 9 16 18 10 8 7 0 3 
17 8 10 16 19 4 2 6 0 3 9 12 11 7 1 15 14 13 18 5 
5 6 13 10 19 16 9 8 15 12 4 7 14 11 17 3 18 2 0 1 
2 19 4 8 9 6 7 5 11 1 13 14 17 18 10 3 12 16 0 15 
16 7 1 6 5 12 4 10 14 15 8 18 0 3 9 11 17 13 19 2 
12 0 2 4 1 6 14 16 19 3 17 5 11 8 9 10 13 15 7 18 
6 17 13 19 16 18 11 10 3 2 14 8 5 7 15 9 12 4 0 1 
12 18 11 7 17 10 6 9 3 19 14 1 4 15 0 2 13 5 8 16 
0 18 11 3 15 10 5 4 7 13 8 19 17 2 14 1 6 16 9 12 
3 4 7 6 5 15 8 13 17 12 9 10 18 2 14 0 11 1 19 16 
5 12 14 6 3 10 13 7 8 17 15 18 4 0 1 16 9 11 2 19 
7 4 10 13 11 16 18 12 8 15 19 1 0 17 2 3 9 14 6 5 
0 17 4 15 11 3 14 13 10 7 8 1 9 16 5 18 12 6 19 2 
19 1 11 17 5 18 7 10 12 2 0 3 4 13 6 8 16 9 15 14 
3 12 1 15 7 6 8 9 13 16 19 10 4 17 5 18 14 2 0 11 
11 10 15 12 7 19 9 4 8 2 1 5 6 3 17 13 0 16 18 14 
0 13 9 5 15 14 17 6 11 7 12 2 10 16 1 19 4 8 18 3 
14 2 13 16 9 19 7 6 18 15 4 17 0 12 5 3 11 8 10 1 
16 9 17 8 6 4 19 18 7 2 14 15 12 5 10 13 3 0 11 1 
5 19 2 16 10 6 13 4 11 1 3 17 9 8 15 7 18 12 14 0 
4 0 10 2 1 8 18 5 13 7 19 14 6 15 17 16 12 11 9 3 
6 5 10 11 3 7 0 8 15 9 17 4 2 19 16 12 13 18 1 14 
18 9 0 11 14 4 1 5 19 12 17 10 6 3 13 2 15 7 8 16 
17 0 16 4 18 1 8 5 15 2 3 7 19 12 11 14 13 9 10 6 
4 17 13 2 15 7 10 1 9 16 11 6 8 18 12 0 3 14 5 19 
6 18 5 2 3 17 19 1 14 9 12 0 15 10 4 13 16 11 8 7 
10 11 17 3 6 7 5 12 14 1 9 18 15 0 13 19 2 4 16 8 
DURACIONES
(60,66,72) (36,38,40) (15,15,15) (7,7,7) (89,93,97) (51,57,63) (85,92,99) (53,56,59) (87,93,99) (57,60,63) (36,40,44) (64,74,84) (56,59,62) (69,72,75) (19,21,23) (23,24,25) (23,24,25) (57,57,57) (74,74,74) (66,69,72) 
(86,88,90) (64,70,76) (39,42,45) (13,14,15) (66,66,66) (8,8,8) (28,32,36) (66,77,88) (11,11,11) (30,30,30) (43,48,53) (96,97,98) (82,89,96) (78,82,86) (81,81,81) (79,89,99) (71,76,81) (83,87,91) (41,44,47) (26,26,26) 
(52,53,54) (81,82,83) (35,37,39) (82,85,88) (29,31,33) (74,81,88) (21,24,27) (67,67,67) (3,3,3) (12,12,12) (8,8,8) (64,72,80) (77,87,97) (68,69,70) (18,19,20) (31,35,39) (86,97,108) (46,46,46) (67,73,79) (12,12,12) 
(30,31,32) (44,50,56) (72,74,76) (12,12,12) (48,52,56) (83,89,95) (67,67,67) (46,52,58) (21,21,21) (10,11,12) (29,31,33) (62,69,76) (31,35,39) (92,99,106) (23,24,25) (82,93,104) (82,87,92) (15,15,15) (19,20,21) (57,66,75) 
(14,14,14) (79,90,101) (13,14,15) (61,68,75) (6,6,6) (77,79,81) (14,14,14) (15,15,15) (16,17,18) (66,68,70) (18,19,20) (43,46,49) (68,72,76) (31,33,35) (18,20,22) (12,12,12) (52,56,60) (86,97,108) (26,26,26) (32,36,40) 
(67,71,75) (83,95,107) (2,2,2) (79,81,83) (84,93,102) (18,21,24) (84,98,112) (61,64,67) (29,30,31) (37,40,43) (61,67,73) (59,65,71) (16,16,16) (29,33,37) (46,51,56) (46,49,52) (62,68,74) (83,89,95) (90,92,94) (31,35,39) 
(27,28,29) (31,33,35) (78,81,84) (91,94,97) (10,11,12) (53,61,69) (32,36,40) (29,33,37) (87,92,97) (73,83,93) (14,14,14) (87,97,107) (35,36,37) (58,61,64) (67,72,77) (64,65,66) (24,26,28) (13,14,15) (4,4,4) (71,80,89) 
(63,70,77) (86,96,106) (34,35,36) (11,11,11) (99,99,99) (71,83,95) (39,39,39) (41,43,45) (86,87,88) (18,19,20) (13,14,15) (40,46,52) (81,91,101) (15,17,19) (31,32,33) (32,32,32) (35,38,41) (41,46,51) (93,96,99) (20,22,24) 
(65,69,73) (34,36,38) (8,8,8) (19,21,23) (2,2,2) (31,32,33) (65,75,85) (70,81,92) (43,47,51) (61,64,67) (77,80,83) (71,75,79) (45,49,53) (41,41,41) (78,82,86) (22,25,28) (85,89,93) (29,33,37) (27,29,31) (45,47,49) 
(9,9,9) (33,36,39) (20,22,24) (56,59,62) (30,32,34) (32,33,34) (64,72,80) (25,27,29) (41,45,49) (17,19,21) (45,49,53) (31,35,39) (56,57,58) (81,87,93) (56,59,62) (47,49,51) (76,83,90) (51,52,53) (60,66,72) (60,61,62) 
(22,24,26) (50,53,56) (56,61,66) (31,31,31) (13,14,15) (18,19,20) (26,26,26) (84,91,98) (48,53,58) (37,41,45) (69,77,85) (65,66,67) (74,81,88) (32,32,32) (26,29,32) (77,83,89) (13,13,13) (29,31,33) (6,6,6) (19,21,23) 
(41,45,49) (86,89,92) (27,29,31) (7,7,7) (41,47,53) (42,47,52) (24,25,26) (43,45,47) (60,60,60) (26,28,30) (74,83,92) (66,68,70) (11,12,13) (35,37,39) (61,69,77) (40,46,52) (43,47,51) (84,91,98) (20,20,20) (40,45,50) 
(21,23,25) (55,55,55) (59,60,61) (45,52,59) (15,17,19) (68,75,82) (50,54,58) (66,76,86) (33,35,37) (56,61,66) (50,51,52) (74,84,94) (35,38,41) (89,94,99) (26,30,34) (14,14,14) (68,78,88) (27,29,31) (86,99,112) (83,88,93) 
(13,14,15) (22,22,22) (91,99,107) (51,59,67) (76,89,102) (44,44,44) (91,98,105) (56,56,56) (19,22,25) (29,33,37) (41,41,41) (40,46,52) (57,65,73) (77,85,93) (33,38,43) (3,3,3) (19,19,19) (36,39,42) (5,5,5) (64,72,80) 
(11,12,13) (25,27,29) (8,8,8) (13,13,13) (24,26,28) (32,35,38) (30,33,36) (46,49,52) (26,29,32) (37,39,41) (35,37,39) (1,1,1) (72,74,76) (21,22,23) (35,38,41) (31,31,31) (6,6,6) (93,98,103) (74,86,98) (69,69,69) 
(68,72,76) (72,74,76) (6,6,6) (52,58,64) (26,27,28) (21,21,21) (19,19,19) (94,97,100) (8,8,8) (66,70,74) (48,49,50) (25,25,25) (39,39,39) (82,95,108) (71,71,71) (75,81,87) (83,88,93) (11,11,11) (89,93,97) (61,71,81) 
(11,11,11) (74,82,90) (82,82,82) (71,80,89) (65,74,83) (58,60,62) (43,43,43) (73,75,77) (4,4,4) (59,64,69) (45,52,59) (69,73,77) (73,77,81) (73,80,87) (81,89,97) (62,66,70) (26,28,30) (62,62,62) (79,82,85) (41,42,43) 
(11,11,11) (16,16,16) (11,12,13) (70,72,74) (31,35,39) (77,83,89) (69,73,77) (41,41,41) (21,23,25) (56,63,70) (16,16,16) (37,37,37) (27,28,29) (82,88,94) (70,75,80) (45,51,57) (22,23,24) (40,40,40) (4,4,4) (69,78,87) 
(51,53,55) (30,30,30) (73,85,97) (8,8,8) (58,67,76) (31,35,39) (56,58,60) (26,29,32) (52,54,56) (16,16,16) (58,58,58) (68,73,78) (14,15,16) (80,82,84) (75,76,77) (81,88,95) (63,71,79) (55,57,59) (54,63,72) (12,13,14) 
(30,34,38) (16,17,18) (32,36,40) (93,96,99) (76,84,92) (79,84,89) (28,29,30) (50,56,62) (75,83,91) (83,84,85) (45,52,59) (33,37,41) (40,41,42) (90,93,96) (70,79,88) (84,93,102) (34,37,40) (1,1,1) (44,45,46) (30,33,36) 
(19,19,19) (73,79,85) (38,43,48) (38,43,48) (62,64,66) (2,2,2) (13,14,15) (57,58,59) (42,47,52) (22,23,24) (92,93,94) (18,19,20) (57,57,57) (69,77,85) (31,32,33) (58,61,64) (25,27,29) (22,25,28) (52,52,52) (52,53,54) 
(3,3,3) (1,1,1) (73,73,73) (78,81,84) (76,88,100) (49,56,63) (52,58,64) (14,14,14) (77,88,99) (58,68,78) (16,16,16) (77,78,79) (44,48,52) (27,30,33) (63,68,73) (5,5,5) (47,47,47) (25,28,31) (68,71,74) (17,19,21) 
(37,39,41) (65,72,79) (35,37,39) (32,33,34) (50,53,56) (84,95,106) (7,8,9) (13,13,13) (20,23,26) (40,40,40) (15,15,15) (6,6,6) (25,25,25) (1,1,1) (19,22,25) (30,30,30) (10,10,10) (6,7,8) (54,59,64) (14,14,14) 
(35,37,39) (94,98,102) (76,81,86) (66,73,80) (52,58,64) (25,27,29) (21,22,23) (37,39,41) (85,98,111) (32,35,38) (88,98,108) (67,73,79) (25,25,25) (71,73,75) (68,72,76) (75,79,83) (48,54,60) (83,94,105) (27,27,27) (27,30,33) 
(46,49,52) (60,63,66) (94,97,100) (77,87,97) (76,86,96) (71,81,91) (13,15,17) (91,92,93) (64,73,82) (66,76,86) (48,53,58) (75,75,75) (83,93,103) (70,70,70) (32,35,38) (13,13,13) (82,85,88) (81,95,109) (39,39,39) (49,57,65) 
(33,34,35) (41,42,43) (62,63,64) (68,73,78) (6,6,6) (61,71,81) (72,76,80) (78,86,94) (96,97,98) (15,16,17) (52,54,56) (39,44,49) (44,49,54) (91,94,97) (82,92,102) (24,24,24) (28,31,34) (66,72,78) (35,35,35) (45,46,47) 
(4,4,4) (69,72,75) (27,30,33) (43,47,51) (77,83,89) (22,23,24) (76,88,100) (65,72,79) (71,76,81) (4,4,4) (10,10,10) (87,89,91) (66,75,84) (75,75,75) (24,24,24) (59,63,67) (72,76,80) (71,77,83) (36,36,36) (81,88,95) 
(77,80,83) (67,68,69) (59,65,71) (14,15,16) (35,36,37) (34,34,34) (93,94,95) (7,7,7) (93,99,105) (41,44,47) (66,72,78) (12,12,12) (30,33,36) (72,77,82) (24,24,24) (54,57,60) (67,68,69) (1,1,1) (3,3,3) (6,6,6) 
(79,90,101) (3,3,3) (65,70,75) (5,5,5) (72,72,72) (54,60,66) (32,32,32) (83,91,99) (40,42,44) (54,54,54) (17,18,19) (62,63,64) (50,54,58) (75,83,91) (83,92,101) (50,57,64) (94,96,98) (11,11,11) (91,98,105) (41,47,53) 
(68,77,86) (32,33,34) (57,66,75) (60,68,76) (91,99,107) (43,47,51) (50,52,54) (79,88,97) (4,4,4) (63,71,79) (20,20,20) (26,29,32) (74,82,90) (11,11,11) (16,16,16) (53,57,61) (4,4,4) (16,18,20) (27,29,31) (59,68,77) 
TIEMPOS MAXIMOS DE FIN
(10000,10000) (10000,10000) (10000,10000) (10000,10000) (10000,10000) (10000,10000) (10000,10000) (10000,10000) (10000,10000) (10000,10000) (10000,10000) (10000,10000) (10000,10000) (10000,10000) (10000,10000) (10000,10000) (10000,10000) (10000,10000) (10000,10000) (10000,10000) (10000,10000) (10000,10000) (10000,10000) (10000,10000) (10000,10000) (10000,10000) (10000,10000) (10000,10000) (10000,10000) (10000,10000) 
// Desviacion: min(0), max(0.147368), promedio(0.059452)
