NUMBER OF JOBS
50
NUMBER OF RESOURCES
15
RESOURCE SEQUENCE
5 0 2 14 12 4 7 13 1 10 11 6 9 3 8 
7 2 1 8 12 9 3 11 13 14 0 6 4 10 5 
4 6 5 13 0 7 14 11 9 10 12 3 8 1 2 
9 13 3 11 14 12 6 1 0 4 10 5 2 7 8 
11 8 1 9 2 5 6 12 7 13 3 10 0 14 4 
9 3 4 7 11 2 13 5 8 12 6 10 14 0 1 
1 2 3 5 13 10 6 0 8 4 12 11 7 9 14 
1 14 10 12 4 8 7 13 6 2 9 3 5 11 0 
6 13 2 4 12 14 3 5 10 9 11 0 1 7 8 
11 13 0 10 6 9 1 2 14 3 5 8 7 4 12 
9 10 5 12 7 0 14 6 1 2 11 4 8 13 3 
12 5 1 13 2 8 6 4 7 10 0 3 14 11 9 
4 1 8 10 5 12 6 13 7 3 9 0 14 2 11 
13 12 2 5 11 7 9 14 6 0 8 10 1 3 4 
11 7 14 2 12 6 4 0 9 10 1 13 5 3 8 
14 5 9 11 3 0 12 1 4 6 10 8 7 13 2 
0 9 2 5 13 4 1 14 6 3 10 12 8 7 11 
11 6 0 5 10 12 2 14 13 1 7 8 9 3 4 
7 10 4 0 12 14 11 9 5 3 2 13 1 8 6 
4 9 12 10 14 3 7 11 2 0 8 1 6 13 5 
3 10 14 5 6 7 1 2 4 13 12 9 8 11 0 
10 12 13 2 1 0 5 6 11 8 9 3 7 14 4 
5 2 0 13 1 6 4 9 8 11 10 3 14 7 12 
11 4 6 10 12 8 2 7 9 14 1 0 13 3 5 
11 14 9 13 2 0 4 1 8 10 12 6 5 7 3 
14 0 8 1 11 12 13 2 9 4 7 6 3 10 5 
3 1 12 11 4 7 6 10 9 2 13 5 14 8 0 
12 14 10 0 5 13 1 11 4 3 6 8 2 9 7 
4 10 13 6 0 11 7 9 14 12 8 1 3 2 5 
3 5 2 9 13 11 12 6 10 4 8 0 14 1 7 
1 6 7 5 11 3 12 9 2 10 13 4 14 0 8 
5 4 10 9 0 6 3 1 7 13 12 11 14 8 2 
11 13 6 5 1 8 14 0 3 12 4 9 7 10 2 
11 9 2 1 12 0 8 13 10 5 14 6 4 7 3 
12 8 6 4 14 13 0 9 1 3 7 5 10 11 2 
0 4 12 6 14 10 5 7 3 13 1 2 9 8 11 
6 11 13 5 2 12 0 4 1 10 8 3 7 9 14 
5 6 11 0 2 12 4 8 7 9 13 10 14 3 1 
2 6 13 7 5 0 9 4 14 10 1 12 8 11 3 
7 2 8 9 0 6 4 1 11 14 10 3 5 13 12 
7 11 14 12 4 13 5 8 2 10 3 9 1 6 0 
9 7 12 4 10 1 8 13 14 3 0 2 11 6 5 
8 14 9 10 7 6 4 12 1 2 11 0 3 5 13 
14 7 9 5 10 6 4 12 2 13 8 0 1 11 3 
14 8 13 4 9 7 10 0 12 1 5 2 3 6 11 
8 11 1 4 9 14 0 3 5 12 10 7 6 2 13 
10 11 13 3 9 4 2 12 6 14 5 8 1 7 0 
14 12 6 10 4 1 13 11 2 5 7 8 3 0 9 
0 14 9 1 4 11 3 13 6 2 10 8 12 7 5 
11 3 0 13 8 14 2 7 10 12 5 6 9 4 1 
PROCESSING TIMES
(22,25,28) (10,10,10) (35,40,45) (44,50,56) (43,45,47) (88,91,94) (6,6,6) (34,40,46) (17,19,21) (85,88,91) (82,87,92) (60,67,74) (30,34,38) (1,1,1) (23,26,29) 
(49,53,57) (79,83,87) (45,52,59) (82,92,102) (90,92,94) (7,8,9) (67,75,83) (49,56,63) (35,40,45) (7,7,7) (18,20,22) (72,84,96) (55,64,73) (6,7,8) (22,23,24) 
(98,99,100) (46,51,56) (83,86,89) (48,53,58) (74,86,98) (29,30,31) (86,87,88) (8,8,8) (51,53,55) (35,39,43) (21,22,23) (51,55,59) (60,64,68) (28,32,36) (62,64,66) 
(58,68,78) (18,19,20) (12,13,14) (10,10,10) (56,64,72) (45,50,55) (4,4,4) (28,28,28) (66,69,72) (64,68,72) (37,37,37) (69,78,87) (40,41,42) (51,51,51) (31,34,37) 
(21,23,25) (49,50,51) (22,25,28) (37,37,37) (89,93,97) (65,74,83) (40,47,54) (44,50,56) (38,40,42) (70,82,94) (25,29,33) (83,91,99) (74,79,84) (34,40,46) (18,19,20) 
(67,77,87) (18,19,20) (42,44,46) (71,79,87) (76,79,82) (31,33,35) (11,12,13) (11,12,13) (14,15,16) (29,32,35) (55,64,73) (23,26,29) (88,90,92) (47,49,51) (66,67,68) 
(27,28,29) (81,84,87) (84,95,106) (27,28,29) (83,93,103) (58,67,76) (75,75,75) (7,8,9) (52,56,60) (75,79,83) (24,27,30) (18,18,18) (45,45,45) (20,20,20) (42,44,46) 
(2,2,2) (51,60,69) (12,12,12) (30,35,40) (40,45,50) (39,40,41) (21,24,27) (79,90,101) (1,1,1) (18,21,24) (73,75,77) (75,79,83) (86,91,96) (30,32,34) (39,41,43) 
(57,61,65) (27,30,33) (76,81,86) (67,70,73) (70,82,94) (24,25,26) (8,9,10) (27,29,31) (26,27,28) (27,29,31) (62,68,74) (58,64,70) (22,23,24) (47,51,55) (47,51,55) 
(83,87,91) (91,94,97) (78,91,104) (12,14,16) (15,15,15) (37,38,39) (80,86,92) (16,16,16) (39,44,49) (54,63,72) (58,62,66) (75,87,99) (66,77,88) (28,31,34) (19,19,19) 
(55,64,73) (76,80,84) (82,92,102) (99,99,99) (1,1,1) (26,30,34) (18,21,24) (74,76,78) (60,65,70) (12,13,14) (31,36,41) (2,2,2) (76,77,78) (12,13,14) (66,68,70) 
(25,28,31) (49,53,57) (58,64,70) (22,24,26) (44,51,58) (76,82,88) (94,99,104) (20,21,22) (62,68,74) (38,41,44) (13,14,15) (9,9,9) (78,91,104) (54,57,60) (5,5,5) 
(48,51,54) (91,93,95) (76,77,78) (59,61,63) (22,22,22) (73,77,81) (52,55,58) (88,96,104) (72,76,80) (24,27,30) (12,12,12) (54,63,72) (77,84,91) (46,46,46) (12,14,16) 
(48,51,54) (30,35,40) (56,64,72) (69,79,89) (13,15,17) (76,82,88) (51,58,65) (67,72,77) (56,60,64) (91,99,107) (43,47,51) (38,44,50) (17,19,21) (94,99,104) (82,86,90) 
(44,49,54) (20,21,22) (35,37,39) (23,24,25) (89,96,103) (30,32,34) (90,94,98) (37,37,37) (24,28,32) (27,30,33) (36,41,46) (60,66,72) (11,12,13) (67,78,89) (81,82,83) 
(23,27,31) (55,63,71) (31,35,39) (52,52,52) (65,71,77) (56,62,68) (18,20,22) (15,16,17) (57,64,71) (80,80,80) (50,57,64) (31,34,37) (66,74,82) (13,13,13) (79,80,81) 
(69,72,75) (89,98,107) (46,50,54) (39,45,51) (69,73,77) (80,82,84) (3,3,3) (49,53,57) (4,4,4) (76,86,96) (46,54,62) (71,76,81) (47,55,63) (38,38,38) (46,53,60) 
(22,22,22) (26,30,34) (17,17,17) (46,53,60) (45,50,55) (79,86,93) (16,18,20) (1,1,1) (34,35,36) (93,93,93) (77,90,103) (5,5,5) (85,88,91) (11,11,11) (58,65,72) 
(24,28,32) (4,4,4) (10,11,12) (87,87,87) (58,62,66) (53,59,65) (35,36,37) (57,57,57) (33,34,35) (5,5,5) (66,76,86) (76,83,90) (80,91,102) (41,46,51) (55,64,73) 
(67,67,67) (20,20,20) (92,95,98) (50,52,54) (36,37,38) (80,88,96) (59,66,73) (83,87,91) (72,77,82) (37,38,39) (48,56,64) (67,78,89) (49,55,61) (28,28,28) (52,55,58) 
(6,6,6) (19,19,19) (60,65,70) (5,5,5) (65,68,71) (26,26,26) (81,93,105) (44,46,48) (44,49,54) (21,23,25) (71,83,95) (57,61,65) (77,88,99) (59,68,77) (56,62,68) 
(45,52,59) (25,25,25) (32,33,34) (13,14,15) (28,29,30) (59,61,63) (15,17,19) (78,82,86) (19,19,19) (32,37,42) (67,77,87) (40,41,42) (46,47,48) (42,45,48) (47,51,55) 
(66,68,70) (23,23,23) (18,18,18) (59,65,71) (87,89,91) (9,10,11) (98,98,98) (54,61,68) (37,38,39) (55,64,73) (83,91,99) (34,36,38) (57,66,75) (32,32,32) (23,24,25) 
(75,86,97) (87,90,93) (39,44,49) (57,60,63) (22,22,22) (82,83,84) (88,94,100) (13,14,15) (74,80,86) (40,46,52) (19,20,21) (13,13,13) (37,39,41) (63,67,71) (15,17,19) 
(4,4,4) (21,21,21) (58,59,60) (44,50,56) (71,75,79) (39,41,43) (68,79,90) (31,36,41) (47,54,61) (71,72,73) (80,94,108) (40,46,52) (17,18,19) (78,81,84) (45,45,45) 
(76,77,78) (92,97,102) (52,61,70) (53,61,69) (80,93,106) (89,97,105) (75,86,97) (13,15,17) (72,73,74) (25,28,31) (1,1,1) (80,80,80) (76,89,102) (51,52,53) (29,30,31) 
(13,15,17) (23,27,31) (35,35,35) (40,47,54) (79,79,79) (23,26,29) (72,72,72) (87,89,91) (30,35,40) (45,52,59) (17,17,17) (79,92,105) (5,5,5) (19,20,21) (43,49,55) 
(3,3,3) (82,93,104) (54,56,58) (79,82,85) (56,58,60) (58,65,72) (77,82,87) (5,5,5) (5,5,5) (79,92,105) (30,30,30) (35,35,35) (16,17,18) (4,4,4) (72,78,84) 
(26,30,34) (54,55,56) (85,85,85) (44,50,56) (29,29,29) (74,77,80) (59,67,75) (55,55,55) (39,45,51) (6,6,6) (48,48,48) (46,46,46) (8,9,10) (28,31,34) (39,41,43) 
(21,23,25) (59,67,75) (33,33,33) (26,27,28) (74,78,82) (64,64,64) (5,5,5) (15,16,17) (6,6,6) (39,44,49) (42,43,44) (45,49,53) (11,12,13) (15,17,19) (74,85,96) 
(47,50,53) (55,56,57) (73,80,87) (54,54,54) (8,8,8) (70,70,70) (71,83,95) (16,18,20) (29,31,33) (4,4,4) (79,90,101) (86,87,88) (1,1,1) (5,5,5) (60,61,62) 
(22,22,22) (13,15,17) (4,4,4) (40,40,40) (60,69,78) (92,98,104) (41,44,47) (77,77,77) (21,23,25) (12,14,16) (88,96,104) (90,90,90) (80,90,100) (67,78,89) (71,71,71) 
(88,94,100) (27,30,33) (50,51,52) (85,86,87) (59,69,79) (45,52,59) (10,11,12) (25,29,33) (32,37,42) (62,70,78) (34,34,34) (13,13,13) (10,10,10) (53,61,69) (41,48,55) 
(7,7,7) (65,74,83) (14,14,14) (63,65,67) (17,19,21) (15,17,19) (4,4,4) (5,5,5) (24,27,30) (81,93,105) (88,91,94) (9,9,9) (59,69,79) (32,35,38) (5,5,5) 
(35,40,45) (83,89,95) (71,73,75) (83,92,101) (58,58,58) (67,68,69) (94,97,100) (80,94,108) (71,77,83) (40,43,46) (46,52,58) (7,8,9) (39,41,43) (18,21,24) (52,56,60) 
(69,71,73) (37,43,49) (10,11,12) (59,65,71) (10,11,12) (14,15,16) (46,46,46) (68,78,88) (3,3,3) (26,27,28) (32,33,34) (77,87,97) (92,97,102) (56,59,62) (34,37,40) 
(58,68,78) (95,96,97) (28,30,32) (75,84,93) (2,2,2) (78,81,84) (56,57,58) (7,7,7) (65,70,75) (38,39,40) (54,62,70) (90,94,98) (82,96,110) (38,38,38) (42,46,50) 
(82,96,110) (30,34,38) (69,71,73) (76,88,100) (9,10,11) (95,99,103) (47,48,49) (50,57,64) (28,31,34) (88,93,98) (30,33,36) (75,84,93) (28,28,28) (30,32,34) (68,72,76) 
(82,96,110) (15,15,15) (28,31,34) (83,93,103) (19,21,23) (36,40,44) (89,99,109) (58,60,62) (60,63,66) (95,95,95) (44,45,46) (32,33,34) (81,83,85) (10,11,12) (70,75,80) 
(40,47,54) (62,71,80) (34,37,40) (58,59,60) (67,72,77) (61,64,67) (59,61,63) (45,52,59) (19,20,21) (13,13,13) (11,11,11) (25,26,27) (25,28,31) (85,91,97) (24,27,30) 
(29,31,33) (67,76,85) (4,4,4) (35,35,35) (18,18,18) (45,50,55) (16,16,16) (46,52,58) (78,85,92) (43,43,43) (38,44,50) (18,21,24) (66,72,78) (22,24,26) (12,12,12) 
(61,71,81) (26,30,34) (51,58,65) (68,71,74) (75,87,99) (68,74,80) (32,33,34) (26,26,26) (3,3,3) (75,75,75) (78,87,96) (13,14,15) (32,33,34) (47,52,57) (35,38,41) 
(42,42,42) (35,39,43) (8,8,8) (26,26,26) (25,26,27) (9,9,9) (1,1,1) (75,83,91) (79,85,91) (11,11,11) (75,81,87) (66,72,78) (86,87,88) (38,41,44) (40,44,48) 
(66,73,80) (58,59,60) (4,4,4) (25,25,25) (66,68,70) (3,3,3) (69,72,75) (60,69,78) (49,50,51) (57,62,67) (19,22,25) (68,77,86) (1,1,1) (4,4,4) (90,94,98) 
(51,59,67) (43,45,47) (35,39,43) (57,64,71) (35,35,35) (42,42,42) (15,16,17) (77,88,99) (9,9,9) (81,88,95) (74,85,96) (51,54,57) (54,63,72) (21,21,21) (65,76,87) 
(57,66,75) (21,23,25) (26,28,30) (12,12,12) (19,22,25) (65,65,65) (8,9,10) (25,27,29) (23,25,27) (67,75,83) (82,85,88) (18,19,20) (35,41,47) (19,20,21) (22,25,28) 
(24,28,32) (96,96,96) (34,37,40) (54,58,62) (83,94,105) (36,40,44) (39,42,45) (41,41,41) (18,20,22) (68,80,92) (27,29,31) (12,12,12) (70,81,92) (7,8,9) (25,28,31) 
(76,83,90) (16,17,18) (24,26,28) (71,78,85) (88,95,102) (41,45,49) (15,16,17) (47,53,59) (12,12,12) (43,50,57) (6,6,6) (84,87,90) (44,44,44) (5,5,5) (61,63,65) 
(13,13,13) (81,85,89) (49,49,49) (65,73,81) (45,48,51) (40,44,48) (80,84,88) (81,85,89) (1,1,1) (12,12,12) (3,3,3) (37,39,41) (72,75,78) (70,73,76) (44,45,46) 
(3,3,3) (13,15,17) (35,40,45) (74,77,80) (41,43,45) (89,91,93) (46,51,56) (15,17,19) (63,71,79) (33,33,33) (77,83,89) (55,61,67) (67,68,69) (13,14,15) (94,97,100) 
