NUMBER OF JOBS
50
NUMBER OF RESOURCES
20
RESOURCE SEQUENCE
2 6 0 18 9 12 5 10 19 16 15 7 3 13 8 1 17 14 4 11 
3 0 13 12 2 18 4 11 1 16 17 10 19 5 8 15 6 9 14 7 
17 7 15 2 19 0 6 1 18 13 5 11 14 3 16 4 10 12 9 8 
3 5 11 15 7 12 8 17 18 6 16 14 9 0 1 19 4 2 13 10 
19 17 11 14 0 6 3 1 15 10 7 13 18 2 9 8 5 16 12 4 
11 16 1 14 9 7 0 6 17 5 4 8 19 2 12 18 13 10 15 3 
18 12 3 19 2 15 1 4 8 9 16 17 14 10 7 5 0 11 13 6 
6 19 1 0 16 7 17 10 12 15 14 11 8 4 18 13 2 9 3 5 
13 12 19 17 14 15 11 1 7 2 16 10 8 4 6 3 5 9 0 18 
7 18 6 13 2 16 0 3 4 15 5 11 9 1 10 19 17 12 14 8 
3 8 19 4 7 1 0 14 16 12 13 11 15 10 5 6 2 9 18 17 
4 18 3 12 14 13 1 16 10 9 11 15 2 19 8 7 5 0 17 6 
17 3 7 5 16 11 6 19 9 0 12 15 10 13 8 14 1 4 2 18 
0 13 8 14 2 11 1 16 17 7 12 9 15 5 19 4 18 6 3 10 
15 11 3 1 9 13 19 8 12 7 5 14 2 17 6 18 16 10 0 4 
7 14 3 6 18 12 19 9 0 1 11 16 15 5 2 4 17 10 8 13 
9 15 8 13 7 17 4 2 18 14 11 12 0 5 6 3 16 1 19 10 
14 3 18 7 17 5 15 0 9 19 10 4 8 11 13 6 12 1 16 2 
12 6 11 17 3 18 4 14 9 1 2 16 13 0 10 5 15 7 19 8 
11 5 19 0 13 3 7 16 10 6 9 15 2 4 17 14 1 12 8 18 
0 9 15 3 7 1 4 19 13 5 17 14 11 6 2 18 10 12 8 16 
2 15 4 17 5 10 16 18 14 3 1 0 19 12 6 11 9 13 7 8 
19 15 16 6 11 3 12 18 4 17 14 9 8 0 1 7 5 2 13 10 
6 18 4 5 17 16 3 7 9 1 19 12 14 8 10 13 15 11 2 0 
8 5 3 12 6 7 13 19 0 10 14 11 16 17 15 2 9 4 18 1 
17 12 11 19 9 5 2 6 3 16 14 1 18 10 13 15 4 7 0 8 
10 16 1 12 15 6 9 0 11 7 18 19 8 4 5 17 14 13 2 3 
17 13 5 11 15 16 10 12 1 14 3 9 19 8 0 6 2 4 18 7 
16 13 18 7 3 2 8 17 19 5 6 9 0 4 12 1 15 11 10 14 
7 6 12 9 16 0 5 18 13 2 3 10 11 15 1 4 8 17 14 19 
13 10 9 16 6 0 18 19 2 3 14 5 4 15 11 12 8 17 7 1 
11 17 15 1 4 6 13 3 12 2 7 14 5 8 16 19 10 9 0 18 
8 10 0 7 17 2 16 5 3 9 18 11 13 19 15 12 1 4 14 6 
19 17 16 3 8 6 9 10 0 5 18 4 15 7 14 12 13 11 2 1 
19 14 10 15 12 0 8 17 6 9 16 11 4 7 5 13 3 2 18 1 
10 6 3 4 0 11 12 1 8 7 2 17 16 5 15 18 19 14 9 13 
15 11 6 12 9 18 7 5 1 0 17 19 10 8 4 3 16 2 13 14 
2 11 13 10 12 3 5 1 16 14 8 18 15 6 9 4 17 0 19 7 
9 17 8 14 11 0 7 6 1 19 10 12 5 15 3 4 16 18 2 13 
11 17 4 18 12 19 9 16 6 8 1 0 15 5 7 3 13 14 2 10 
11 6 10 5 7 2 19 9 0 8 14 3 16 13 15 12 18 1 17 4 
4 5 14 12 11 8 15 7 2 16 6 19 17 18 9 0 10 1 13 3 
17 6 5 8 15 19 12 14 7 11 3 18 2 10 4 16 13 9 1 0 
9 6 15 5 14 10 19 2 3 16 0 17 12 13 7 18 1 8 4 11 
5 2 12 8 13 11 1 3 0 15 18 16 7 9 6 17 14 19 10 4 
16 14 12 7 2 5 3 13 4 10 11 17 15 6 9 0 19 8 18 1 
1 14 19 12 7 8 17 10 0 3 6 2 11 13 5 15 16 18 4 9 
10 9 3 12 2 8 19 0 15 17 5 16 4 6 11 13 1 14 7 18 
15 3 4 10 1 16 18 5 14 8 13 6 11 17 19 12 7 0 9 2 
12 6 8 11 17 1 4 15 13 5 2 14 18 16 7 9 10 0 19 3 
PROCESSING TIMES
(73,84,95) (26,26,26) (14,16,18) (12,14,16) (41,43,45) (27,28,29) (75,86,97) (81,92,103) (31,32,33) (69,73,77) (55,61,67) (12,13,14) (41,48,55) (65,70,75) (65,68,71) (48,56,64) (75,84,93) (23,23,23) (80,94,108) (27,30,33) 
(67,77,87) (28,32,36) (54,55,56) (20,22,24) (71,83,95) (17,19,21) (42,49,56) (76,80,84) (27,27,27) (62,69,76) (44,46,48) (77,86,95) (44,51,58) (1,1,1) (84,88,92) (77,77,77) (96,98,100) (46,48,50) (22,24,26) (59,63,67) 
(33,36,39) (64,68,72) (36,42,48) (44,45,46) (29,34,39) (67,73,79) (12,14,16) (76,82,88) (13,15,17) (31,35,39) (91,92,93) (10,10,10) (40,43,46) (18,18,18) (65,73,81) (67,69,71) (55,55,55) (58,63,68) (80,89,98) (96,98,100) 
(36,42,48) (23,23,23) (28,29,30) (7,8,9) (80,93,106) (17,19,21) (61,64,67) (40,47,54) (17,19,21) (4,4,4) (77,84,91) (68,72,76) (2,2,2) (77,89,101) (72,77,82) (11,12,13) (88,92,96) (63,67,71) (34,38,42) (83,87,91) 
(53,57,61) (59,67,75) (86,99,112) (9,9,9) (80,89,98) (50,58,66) (14,16,18) (34,35,36) (29,30,31) (57,58,59) (27,28,29) (67,70,73) (73,82,91) (29,30,31) (74,84,94) (5,5,5) (12,13,14) (3,3,3) (91,91,91) (7,8,9) 
(32,34,36) (32,34,36) (29,32,35) (17,17,17) (49,49,49) (13,13,13) (4,4,4) (7,7,7) (33,38,43) (60,62,64) (40,46,52) (26,29,32) (85,87,89) (20,23,26) (39,44,49) (81,93,105) (15,15,15) (9,9,9) (53,56,59) (39,42,45) 
(4,4,4) (68,71,74) (59,63,67) (17,19,21) (17,18,19) (46,48,50) (40,47,54) (48,50,52) (72,82,92) (87,94,101) (21,22,23) (6,7,8) (63,69,75) (61,68,75) (32,34,36) (68,75,82) (12,13,14) (53,55,57) (11,11,11) (51,60,69) 
(38,44,50) (20,20,20) (83,86,89) (2,2,2) (83,90,97) (31,32,33) (47,54,61) (34,40,46) (37,40,43) (3,3,3) (17,20,23) (58,68,78) (74,84,94) (40,40,40) (78,91,104) (50,53,56) (68,77,86) (83,83,83) (84,97,110) (56,63,70) 
(44,45,46) (66,72,78) (7,8,9) (53,61,69) (51,51,51) (82,96,110) (90,94,98) (88,98,108) (77,83,89) (43,48,53) (6,6,6) (20,22,24) (43,50,57) (23,24,25) (34,36,38) (20,21,22) (16,17,18) (44,48,52) (51,54,57) (21,21,21) 
(21,24,27) (19,20,21) (87,92,97) (46,47,48) (98,99,100) (82,85,88) (20,20,20) (85,90,95) (1,1,1) (19,20,21) (33,36,39) (55,58,61) (2,2,2) (77,86,95) (42,42,42) (33,38,43) (63,69,75) (79,79,79) (37,43,49) (51,55,59) 
(54,62,70) (18,21,24) (82,95,108) (48,53,58) (70,75,80) (79,90,101) (87,94,101) (40,43,46) (66,72,78) (35,38,41) (51,60,69) (27,30,33) (6,6,6) (71,75,79) (30,31,32) (79,87,95) (60,63,66) (23,24,25) (15,16,17) (43,46,49) 
(5,5,5) (44,48,52) (84,88,92) (78,78,78) (72,84,96) (75,85,95) (1,1,1) (69,79,89) (86,95,104) (37,42,47) (18,21,24) (68,69,70) (76,89,102) (59,68,77) (49,56,63) (30,30,30) (88,96,104) (89,98,107) (67,75,83) (22,24,26) 
(51,58,65) (49,49,49) (47,53,59) (78,85,92) (18,20,22) (14,15,16) (44,44,44) (93,97,101) (22,24,26) (11,12,13) (85,98,111) (50,53,56) (66,67,68) (9,10,11) (80,91,102) (40,47,54) (73,78,83) (5,5,5) (24,28,32) (5,5,5) 
(55,55,55) (26,30,34) (67,68,69) (29,34,39) (3,3,3) (57,58,59) (16,18,20) (18,20,22) (31,33,35) (55,62,69) (67,70,73) (87,87,87) (47,55,63) (88,91,94) (2,2,2) (32,33,34) (20,22,24) (17,20,23) (24,26,28) (99,99,99) 
(60,64,68) (78,88,98) (91,94,97) (34,34,34) (4,4,4) (75,78,81) (9,10,11) (61,67,73) (67,77,87) (47,53,59) (57,67,77) (91,91,91) (24,24,24) (29,30,31) (73,76,79) (68,70,72) (51,56,61) (79,89,99) (47,49,51) (69,74,79) 
(91,95,99) (8,9,10) (25,29,33) (41,45,49) (64,64,64) (69,73,77) (62,62,62) (10,11,12) (30,31,32) (77,77,77) (53,61,69) (19,20,21) (48,54,60) (34,37,40) (15,17,19) (29,31,33) (28,32,36) (86,98,110) (18,20,22) (81,94,107) 
(14,14,14) (85,90,95) (67,73,79) (81,84,87) (73,75,77) (78,89,100) (39,41,43) (57,59,61) (50,58,66) (38,44,50) (20,21,22) (59,61,63) (84,91,98) (23,25,27) (47,48,49) (12,12,12) (37,37,37) (72,80,88) (76,77,78) (45,51,57) 
(47,47,47) (82,92,102) (11,11,11) (63,73,83) (4,4,4) (8,9,10) (89,95,101) (19,22,25) (32,32,32) (83,89,95) (55,64,73) (19,19,19) (60,69,78) (79,83,87) (89,91,93) (34,34,34) (75,80,85) (89,94,99) (87,93,99) (70,82,94) 
(87,92,97) (75,79,83) (70,74,78) (2,2,2) (91,97,103) (58,68,78) (96,98,100) (77,78,79) (19,22,25) (39,41,43) (55,58,61) (85,99,113) (45,52,59) (59,67,75) (47,48,49) (29,33,37) (41,48,55) (54,58,62) (78,81,84) (39,39,39) 
(20,20,20) (91,96,101) (55,64,73) (83,95,107) (6,6,6) (23,26,29) (36,39,42) (23,26,29) (81,92,103) (12,12,12) (59,65,71) (14,14,14) (61,71,81) (30,31,32) (93,97,101) (21,24,27) (74,85,96) (88,89,90) (10,11,12) (5,5,5) 
(77,77,77) (70,82,94) (36,36,36) (51,52,53) (81,94,107) (75,87,99) (7,7,7) (56,65,74) (37,40,43) (53,61,69) (69,79,89) (2,2,2) (7,7,7) (68,71,74) (47,49,51) (16,18,20) (57,61,65) (59,69,79) (49,50,51) (84,85,86) 
(58,63,68) (46,50,54) (76,88,100) (88,90,92) (35,35,35) (17,20,23) (68,69,70) (85,88,91) (38,43,48) (94,94,94) (44,51,58) (94,94,94) (12,12,12) (83,90,97) (32,36,40) (3,3,3) (94,99,104) (33,37,41) (7,8,9) (69,69,69) 
(42,43,44) (62,66,70) (92,92,92) (58,61,64) (10,11,12) (51,53,55) (49,54,59) (48,54,60) (37,42,47) (75,87,99) (81,86,91) (34,34,34) (6,7,8) (60,60,60) (52,52,52) (96,96,96) (22,25,28) (48,55,62) (46,49,52) (49,56,63) 
(11,11,11) (70,71,72) (60,60,60) (66,73,80) (91,91,91) (87,99,111) (21,22,23) (69,74,79) (80,80,80) (71,79,87) (83,97,111) (85,93,101) (85,85,85) (64,72,80) (82,96,110) (52,52,52) (65,70,75) (10,11,12) (93,95,97) (84,85,86) 
(71,83,95) (34,39,44) (45,51,57) (42,49,56) (27,31,35) (16,18,20) (94,94,94) (84,88,92) (43,46,49) (86,98,110) (57,66,75) (7,7,7) (17,20,23) (51,53,55) (9,9,9) (6,7,8) (12,14,16) (77,85,93) (28,32,36) (85,88,91) 
(97,98,99) (78,91,104) (71,78,85) (38,43,48) (52,55,58) (44,45,46) (53,59,65) (76,77,78) (31,31,31) (88,91,94) (51,60,69) (56,61,66) (57,62,67) (52,59,66) (77,89,101) (24,25,26) (16,18,20) (27,29,31) (48,49,50) (47,53,59) 
(23,26,29) (45,50,55) (6,7,8) (71,78,85) (75,75,75) (3,3,3) (24,28,32) (19,20,21) (56,58,60) (84,95,106) (36,38,40) (55,58,61) (64,70,76) (64,75,86) (6,6,6) (26,26,26) (25,26,27) (48,54,60) (91,95,99) (12,12,12) 
(81,81,81) (66,71,76) (22,22,22) (49,56,63) (17,17,17) (12,14,16) (64,65,66) (82,90,98) (25,29,33) (42,47,52) (8,8,8) (34,39,44) (8,9,10) (56,58,60) (94,95,96) (22,25,28) (1,1,1) (58,65,72) (42,44,46) (59,66,73) 
(55,62,69) (79,79,79) (65,70,75) (41,43,45) (81,95,109) (42,42,42) (6,6,6) (78,88,98) (5,5,5) (11,12,13) (49,54,59) (17,18,19) (74,83,92) (26,27,28) (36,38,40) (49,49,49) (91,94,97) (92,95,98) (77,78,79) (53,57,61) 
(17,18,19) (31,36,41) (61,70,79) (9,10,11) (25,25,25) (23,25,27) (69,72,75) (67,69,71) (13,15,17) (16,17,18) (29,31,33) (59,60,61) (66,69,72) (35,39,43) (50,54,58) (50,56,62) (80,85,90) (41,47,53) (40,40,40) (10,10,10) 
(6,7,8) (14,14,14) (10,11,12) (30,33,36) (48,49,50) (70,82,94) (66,76,86) (10,11,12) (47,52,57) (20,20,20) (30,35,40) (64,73,82) (70,81,92) (40,42,44) (4,4,4) (23,27,31) (13,14,15) (70,73,76) (10,10,10) (25,25,25) 
(49,54,59) (75,81,87) (50,52,54) (23,25,27) (72,78,84) (23,23,23) (34,38,42) (58,59,60) (22,22,22) (43,45,47) (65,66,67) (85,94,103) (53,57,61) (82,82,82) (47,51,55) (49,54,59) (25,25,25) (90,97,104) (49,55,61) (35,38,41) 
(50,51,52) (21,21,21) (35,36,37) (91,95,99) (59,68,77) (89,90,91) (70,76,82) (74,84,94) (33,37,41) (37,38,39) (26,30,34) (21,22,23) (25,28,31) (80,90,100) (6,6,6) (91,91,91) (73,73,73) (86,93,100) (48,55,62) (38,38,38) 
(72,78,84) (15,17,19) (39,41,43) (59,69,79) (94,94,94) (71,83,95) (21,24,27) (50,55,60) (57,62,67) (25,27,29) (21,24,27) (70,70,70) (46,50,54) (20,21,22) (46,51,56) (17,19,21) (20,20,20) (54,59,64) (39,45,51) (21,22,23) 
(2,2,2) (73,85,97) (50,58,66) (47,47,47) (61,66,71) (76,81,86) (39,44,49) (37,41,45) (17,18,19) (85,85,85) (51,56,61) (2,2,2) (69,81,93) (1,1,1) (33,36,39) (51,51,51) (22,25,28) (10,11,12) (19,21,23) (1,1,1) 
(79,87,95) (61,65,69) (10,11,12) (77,85,93) (35,37,39) (24,26,28) (85,89,93) (24,27,30) (10,10,10) (12,13,14) (60,62,64) (30,30,30) (23,24,25) (76,79,82) (93,98,103) (61,61,61) (58,65,72) (27,29,31) (25,27,29) (13,14,15) 
(13,14,15) (47,47,47) (11,11,11) (28,29,30) (17,18,19) (38,39,40) (18,21,24) (70,80,90) (39,41,43) (58,62,66) (71,72,73) (44,49,54) (47,52,57) (73,83,93) (36,36,36) (29,31,33) (46,51,56) (56,57,58) (30,33,36) (46,47,48) 
(8,9,10) (82,96,110) (42,42,42) (37,39,41) (6,6,6) (60,67,74) (59,59,59) (81,91,101) (78,81,84) (80,90,100) (6,7,8) (48,49,50) (88,96,104) (50,51,52) (35,38,41) (48,56,64) (41,47,53) (84,95,106) (21,23,25) (16,18,20) 
(67,78,89) (94,96,98) (78,79,80) (31,35,39) (88,98,108) (9,10,11) (1,1,1) (80,82,84) (55,56,57) (27,31,35) (79,88,97) (45,52,59) (96,96,96) (73,75,77) (47,54,61) (11,12,13) (62,63,64) (41,44,47) (42,43,44) (17,19,21) 
(33,35,37) (69,73,77) (39,40,41) (51,52,53) (88,92,96) (72,77,82) (49,57,65) (61,66,71) (31,36,41) (7,7,7) (6,6,6) (66,69,72) (80,84,88) (51,54,57) (51,53,55) (83,97,111) (38,38,38) (89,93,97) (28,28,28) (64,66,68) 
(96,99,102) (86,88,90) (15,17,19) (29,33,37) (3,3,3) (51,58,65) (21,22,23) (71,75,79) (57,57,57) (5,5,5) (21,22,23) (10,11,12) (70,76,82) (88,93,98) (10,11,12) (56,63,70) (85,89,93) (87,96,105) (14,15,16) (51,60,69) 
(47,48,49) (87,96,105) (12,13,14) (43,45,47) (77,77,77) (8,9,10) (54,60,66) (7,8,9) (85,87,89) (29,29,29) (53,56,59) (37,39,41) (77,82,87) (34,34,34) (20,20,20) (54,58,62) (39,41,43) (41,48,55) (53,56,59) (39,41,43) 
(13,15,17) (70,77,84) (40,47,54) (60,60,60) (49,51,53) (49,51,53) (52,56,60) (26,30,34) (48,50,52) (37,39,41) (23,25,27) (85,90,95) (14,14,14) (57,67,77) (12,13,14) (36,42,48) (28,28,28) (31,36,41) (7,7,7) (2,2,2) 
(11,12,13) (59,68,77) (78,91,104) (11,12,13) (71,73,75) (67,74,81) (67,76,85) (56,59,62) (59,60,61) (18,20,22) (80,83,86) (83,88,93) (24,25,26) (77,77,77) (62,65,68) (39,44,49) (29,30,31) (78,84,90) (26,28,30) (61,63,65) 
(32,32,32) (10,11,12) (70,76,82) (24,27,30) (11,12,13) (62,67,72) (31,33,35) (16,17,18) (11,12,13) (53,58,63) (51,56,61) (27,31,35) (84,96,108) (79,89,99) (28,28,28) (31,33,35) (72,75,78) (87,99,111) (35,40,45) (69,74,79) 
(78,90,102) (1,1,1) (58,68,78) (4,4,4) (89,95,101) (9,9,9) (58,61,64) (45,45,45) (55,63,71) (32,35,38) (77,81,85) (74,77,80) (9,9,9) (52,53,54) (42,44,46) (53,59,65) (86,96,106) (76,76,76) (91,94,97) (17,20,23) 
(38,43,48) (76,79,82) (51,60,69) (89,98,107) (3,3,3) (4,4,4) (43,48,53) (64,72,80) (39,41,43) (77,90,103) (90,94,98) (10,11,12) (29,30,31) (9,10,11) (40,41,42) (79,79,79) (66,66,66) (11,11,11) (78,87,96) (64,68,72) 
(89,91,93) (65,65,65) (70,80,90) (46,50,54) (64,66,68) (32,35,38) (68,70,72) (94,98,102) (71,80,89) (45,47,49) (9,9,9) (6,7,8) (58,67,76) (20,22,24) (95,95,95) (11,11,11) (52,56,60) (23,25,27) (57,64,71) (49,57,65) 
(22,23,24) (75,75,75) (11,12,13) (47,51,55) (41,45,49) (21,23,25) (46,52,58) (66,77,88) (66,76,86) (41,48,55) (52,52,52) (46,53,60) (50,53,56) (16,18,20) (3,3,3) (18,18,18) (48,56,64) (95,98,101) (69,71,73) (22,25,28) 
(63,64,65) (20,20,20) (88,89,90) (26,27,28) (5,5,5) (43,47,51) (89,92,95) (23,23,23) (70,78,86) (62,64,66) (66,77,88) (12,12,12) (48,49,50) (40,40,40) (3,3,3) (53,60,67) (50,54,58) (37,37,37) (15,15,15) (16,16,16) 
