NUMBER OF JOBS
50
NUMBER OF RESOURCES
20
RESOURCE SEQUENCE
10 1 2 7 17 4 3 18 0 14 6 19 15 16 13 12 5 11 9 8 
11 3 7 18 12 5 13 6 4 14 10 2 1 16 19 0 15 9 8 17 
14 19 5 11 16 12 1 8 6 4 2 9 18 10 17 0 13 3 7 15 
10 16 15 2 14 1 11 7 5 18 12 0 4 8 17 6 9 3 19 13 
19 8 4 14 12 13 2 9 3 0 1 10 17 6 18 11 16 7 5 15 
0 9 11 18 3 15 2 17 10 8 13 12 14 4 5 1 6 16 7 19 
0 8 12 5 11 16 7 2 15 3 10 18 6 13 14 19 17 1 4 9 
10 15 19 17 6 1 14 0 16 7 4 18 13 3 2 12 11 9 8 5 
11 6 7 1 17 9 12 18 0 8 4 15 14 5 3 10 19 16 2 13 
13 18 8 14 11 16 10 15 0 9 1 4 19 7 3 2 5 12 17 6 
18 8 14 2 5 1 6 13 0 17 15 3 16 11 10 19 7 4 9 12 
6 18 16 12 0 17 1 11 15 7 4 2 10 8 19 13 14 5 9 3 
19 13 18 11 6 3 5 14 16 4 7 15 10 17 12 8 1 9 0 2 
1 15 17 14 10 13 4 9 0 18 11 12 16 19 8 2 7 5 6 3 
5 15 3 14 0 4 12 1 9 6 8 11 10 17 2 19 7 13 18 16 
13 19 18 12 11 14 17 1 2 6 0 15 7 10 3 9 5 8 4 16 
16 5 14 7 17 0 3 1 6 2 12 8 9 11 13 19 10 4 18 15 
15 1 11 17 19 0 8 18 2 6 14 16 9 5 7 3 12 4 10 13 
5 1 17 3 18 10 12 19 7 15 0 2 6 11 9 14 8 13 4 16 
12 19 6 13 11 5 14 8 7 2 18 0 4 17 1 15 10 9 16 3 
12 13 11 0 10 15 8 7 3 9 5 14 18 1 6 19 17 4 16 2 
12 18 13 6 2 14 7 10 3 17 19 15 8 11 1 0 9 4 16 5 
9 14 5 17 7 10 16 1 8 6 11 12 2 0 4 19 3 15 18 13 
6 19 14 13 11 8 5 4 12 2 9 0 10 16 18 17 7 1 3 15 
4 2 11 12 14 8 17 0 9 18 19 3 5 13 16 6 1 10 15 7 
8 9 17 2 19 14 13 4 0 11 15 6 5 3 1 16 7 12 18 10 
16 12 2 0 1 3 13 4 14 9 5 11 15 8 19 17 18 6 10 7 
19 14 2 16 17 5 8 12 6 3 13 10 7 11 9 1 0 15 4 18 
17 18 7 1 3 9 6 16 14 12 11 0 5 2 4 8 13 15 19 10 
4 9 13 6 5 8 2 16 7 0 12 11 18 17 19 1 3 14 10 15 
4 6 9 11 8 10 13 7 5 2 0 3 14 12 19 1 16 17 18 15 
6 0 4 12 19 11 2 16 1 17 8 15 18 14 9 7 5 10 3 13 
9 14 2 18 15 8 17 0 5 16 11 4 10 13 3 6 7 12 19 1 
2 9 7 6 14 17 11 12 18 8 1 10 4 16 13 15 19 5 0 3 
7 18 0 10 17 2 12 4 3 19 8 13 1 11 14 6 9 16 15 5 
1 16 17 8 9 11 3 2 6 7 18 5 19 15 4 12 14 10 0 13 
3 10 14 19 12 11 0 4 8 13 7 9 15 1 16 5 17 6 2 18 
15 1 8 5 17 2 11 18 16 19 12 6 3 14 10 9 4 13 7 0 
5 2 13 14 15 10 16 8 19 17 1 0 7 4 6 12 11 9 18 3 
15 0 7 16 9 19 5 12 2 1 17 13 18 6 3 10 8 11 4 14 
15 6 3 2 8 18 5 19 11 9 0 13 16 1 17 10 14 12 4 7 
10 12 19 18 8 2 1 0 6 4 5 16 15 14 13 9 7 17 3 11 
11 16 17 1 0 9 4 3 6 10 18 14 7 5 8 12 15 2 13 19 
4 13 17 6 8 19 12 0 5 16 1 10 7 9 18 2 3 15 14 11 
6 18 10 19 2 0 15 11 4 12 8 1 7 14 17 9 5 3 16 13 
7 19 0 1 3 13 17 2 8 14 4 16 12 5 9 10 11 6 18 15 
2 18 19 0 14 11 13 4 7 5 15 12 17 10 9 3 1 8 16 6 
2 12 17 18 16 5 6 8 15 9 19 13 10 7 4 3 11 14 0 1 
10 7 16 5 12 0 14 3 1 11 13 18 15 17 9 4 19 8 2 6 
14 8 12 11 19 17 3 10 2 9 0 13 16 18 5 7 6 1 15 4 
PROCESSING TIMES
(17,20,23) (22,22,22) (33,38,43) (30,33,36) (23,24,25) (70,72,74) (65,75,85) (53,61,69) (2,2,2) (17,17,17) (63,67,71) (45,50,55) (59,65,71) (66,77,88) (60,65,70) (33,35,37) (58,68,78) (68,76,84) (96,98,100) (69,81,93) 
(66,73,80) (76,86,96) (23,26,29) (42,42,42) (45,50,55) (12,13,14) (79,92,105) (13,15,17) (73,77,81) (73,74,75) (43,48,53) (52,54,56) (42,46,50) (51,60,69) (80,83,86) (78,78,78) (1,1,1) (89,91,93) (32,33,34) (53,60,67) 
(62,67,72) (58,63,68) (51,54,57) (56,65,74) (28,29,30) (44,51,58) (68,74,80) (14,16,18) (11,11,11) (85,97,109) (78,87,96) (65,66,67) (4,4,4) (10,10,10) (49,52,55) (84,85,86) (52,60,68) (63,64,65) (40,40,40) (45,49,53) 
(28,31,34) (72,73,74) (2,2,2) (4,4,4) (75,87,99) (80,81,82) (86,90,94) (82,92,102) (23,27,31) (45,51,57) (4,4,4) (40,42,44) (18,21,24) (66,77,88) (65,71,77) (5,5,5) (72,77,82) (70,81,92) (37,39,41) (28,32,36) 
(17,18,19) (13,13,13) (79,89,99) (43,45,47) (55,59,63) (80,90,100) (75,86,97) (67,71,75) (5,5,5) (49,54,59) (36,42,48) (52,60,68) (32,32,32) (15,16,17) (84,86,88) (67,70,73) (7,7,7) (14,16,18) (77,81,85) (4,4,4) 
(52,59,66) (47,55,63) (3,3,3) (43,43,43) (24,26,28) (18,19,20) (54,57,60) (68,75,82) (34,35,36) (40,40,40) (17,17,17) (3,3,3) (91,96,101) (71,82,93) (26,26,26) (20,23,26) (86,97,108) (23,23,23) (56,65,74) (24,28,32) 
(72,83,94) (78,81,84) (18,19,20) (51,54,57) (79,86,93) (89,94,99) (46,49,52) (34,38,42) (36,38,40) (32,33,34) (80,93,106) (60,63,66) (45,51,57) (42,45,48) (66,68,70) (4,4,4) (27,29,31) (49,53,57) (77,85,93) (20,21,22) 
(42,46,50) (7,8,9) (5,5,5) (28,29,30) (31,32,33) (29,34,39) (3,3,3) (9,10,11) (44,45,46) (68,70,72) (71,77,83) (1,1,1) (60,62,64) (69,79,89) (43,50,57) (2,2,2) (17,18,19) (77,89,101) (74,86,98) (18,21,24) 
(17,17,17) (40,47,54) (7,7,7) (17,20,23) (9,9,9) (80,92,104) (20,23,26) (74,76,78) (65,71,77) (18,20,22) (18,21,24) (71,72,73) (61,71,81) (89,92,95) (83,92,101) (16,17,18) (8,9,10) (34,38,42) (20,23,26) (32,34,36) 
(6,6,6) (70,74,78) (28,29,30) (90,99,108) (74,80,86) (26,27,28) (43,43,43) (31,36,41) (29,31,33) (60,63,66) (33,34,35) (26,26,26) (95,98,101) (47,47,47) (65,69,73) (5,5,5) (52,55,58) (20,22,24) (14,15,16) (17,19,21) 
(77,77,77) (11,12,13) (88,96,104) (84,84,84) (19,22,25) (15,16,17) (52,59,66) (81,94,107) (59,69,79) (60,68,76) (75,81,87) (12,13,14) (42,45,48) (57,61,65) (25,27,29) (24,26,28) (11,12,13) (77,86,95) (78,82,86) (81,85,89) 
(24,27,30) (77,81,85) (2,2,2) (27,29,31) (57,61,65) (2,2,2) (37,40,43) (71,78,85) (62,65,68) (68,68,68) (34,39,44) (60,68,76) (34,39,44) (57,63,69) (53,59,65) (68,79,90) (95,96,97) (10,11,12) (66,76,86) (42,48,54) 
(95,95,95) (57,62,67) (9,10,11) (61,68,75) (38,42,46) (54,61,68) (73,73,73) (45,51,57) (74,81,88) (67,75,83) (35,37,39) (95,96,97) (62,65,68) (41,45,49) (40,44,48) (37,43,49) (18,19,20) (43,44,45) (86,94,102) (49,56,63) 
(20,23,26) (65,70,75) (21,24,27) (4,4,4) (85,86,87) (78,90,102) (84,86,88) (72,83,94) (74,75,76) (40,46,52) (83,92,101) (86,94,102) (20,23,26) (28,29,30) (6,6,6) (3,3,3) (33,33,33) (11,12,13) (49,51,53) (15,15,15) 
(6,7,8) (48,55,62) (24,26,28) (30,30,30) (75,79,83) (52,58,64) (83,86,89) (70,70,70) (65,68,71) (86,98,110) (24,26,28) (28,32,36) (86,98,110) (30,35,40) (37,37,37) (13,13,13) (82,85,88) (82,85,88) (14,14,14) (31,34,37) 
(18,21,24) (65,68,71) (1,1,1) (71,76,81) (42,44,46) (4,4,4) (41,48,55) (34,39,44) (66,73,80) (81,81,81) (48,50,52) (97,97,97) (38,41,44) (76,79,82) (10,10,10) (64,73,82) (34,36,38) (25,28,31) (59,64,69) (27,31,35) 
(71,76,81) (48,55,62) (36,41,46) (42,46,50) (69,80,91) (96,99,102) (94,99,104) (54,59,64) (14,14,14) (84,86,88) (61,69,77) (23,24,25) (52,54,56) (29,34,39) (28,32,36) (94,98,102) (72,74,76) (62,67,72) (22,24,26) (55,56,57) 
(14,14,14) (32,32,32) (69,77,85) (80,81,82) (30,35,40) (38,38,38) (34,38,42) (37,38,39) (52,61,70) (79,87,95) (66,70,74) (68,79,90) (25,25,25) (43,46,49) (76,88,100) (18,18,18) (66,76,86) (93,98,103) (73,75,77) (23,23,23) 
(57,61,65) (87,92,97) (6,6,6) (54,58,62) (23,26,29) (25,26,27) (34,36,38) (84,89,94) (9,9,9) (30,35,40) (53,54,55) (5,5,5) (71,72,73) (81,91,101) (4,4,4) (58,61,64) (71,75,79) (36,42,48) (74,85,96) (40,45,50) 
(45,46,47) (76,89,102) (42,49,56) (80,86,92) (14,14,14) (62,62,62) (53,53,53) (56,59,62) (23,27,31) (76,86,96) (9,10,11) (80,87,94) (86,99,112) (4,4,4) (74,84,94) (61,62,63) (67,74,81) (30,30,30) (58,68,78) (84,86,88) 
(1,1,1) (3,3,3) (81,84,87) (69,78,87) (36,42,48) (72,73,74) (85,98,111) (91,91,91) (60,70,80) (53,53,53) (56,57,58) (31,36,41) (66,76,86) (4,4,4) (75,76,77) (19,22,25) (66,70,74) (58,67,76) (6,6,6) (14,16,18) 
(77,80,83) (87,91,95) (23,24,25) (32,36,40) (42,44,46) (69,81,93) (77,78,79) (65,65,65) (2,2,2) (83,91,99) (57,62,67) (35,41,47) (39,40,41) (95,96,97) (56,64,72) (5,5,5) (80,81,82) (69,71,73) (28,31,34) (71,71,71) 
(3,3,3) (59,68,77) (55,55,55) (13,13,13) (77,83,89) (12,13,14) (12,12,12) (87,98,109) (76,86,96) (10,10,10) (68,70,72) (56,59,62) (89,89,89) (70,74,78) (73,83,93) (29,30,31) (51,56,61) (88,99,110) (59,68,77) (58,67,76) 
(33,35,37) (73,74,75) (55,59,63) (17,17,17) (56,56,56) (64,64,64) (57,67,77) (67,77,87) (79,84,89) (9,10,11) (35,35,35) (78,79,80) (12,12,12) (82,91,100) (36,36,36) (74,84,94) (1,1,1) (38,41,44) (91,98,105) (81,81,81) 
(29,32,35) (9,10,11) (36,39,42) (58,58,58) (21,24,27) (48,56,64) (83,83,83) (72,77,82) (69,78,87) (97,99,101) (94,95,96) (57,67,77) (69,81,93) (13,15,17) (5,5,5) (30,35,40) (9,10,11) (21,24,27) (97,97,97) (42,44,46) 
(51,55,59) (36,41,46) (85,99,113) (26,27,28) (83,94,105) (12,12,12) (32,33,34) (3,3,3) (62,71,80) (5,5,5) (75,88,101) (23,25,27) (58,66,74) (78,80,82) (39,39,39) (77,90,103) (72,79,86) (49,56,63) (56,60,64) (5,5,5) 
(67,69,71) (37,41,45) (25,25,25) (80,82,84) (31,32,33) (60,70,80) (35,38,41) (20,22,24) (83,95,107) (85,98,111) (6,6,6) (61,64,67) (46,52,58) (43,46,49) (69,71,73) (35,41,47) (35,40,45) (32,35,38) (19,22,25) (31,33,35) 
(14,14,14) (33,38,43) (31,32,33) (37,38,39) (57,64,71) (64,67,70) (13,13,13) (67,74,81) (63,74,85) (66,67,68) (37,39,41) (48,53,58) (53,55,57) (15,15,15) (93,93,93) (35,37,39) (7,7,7) (46,53,60) (52,54,56) (34,39,44) 
(83,84,85) (70,77,84) (6,6,6) (39,45,51) (81,91,101) (75,77,79) (11,12,13) (86,96,106) (23,24,25) (89,90,91) (47,54,61) (46,52,58) (46,49,52) (87,97,107) (71,80,89) (84,84,84) (41,44,47) (35,37,39) (68,79,90) (5,5,5) 
(68,69,70) (25,28,31) (29,32,35) (61,68,75) (54,59,64) (21,23,25) (83,86,89) (51,54,57) (41,41,41) (77,80,83) (55,57,59) (44,45,46) (18,19,20) (36,38,40) (76,89,102) (18,21,24) (5,5,5) (58,64,70) (64,65,66) (15,16,17) 
(55,57,59) (46,47,48) (1,1,1) (68,79,90) (9,9,9) (62,66,70) (82,84,86) (20,21,22) (31,35,39) (90,97,104) (74,83,92) (43,45,47) (16,18,20) (21,21,21) (19,19,19) (34,37,40) (93,93,93) (73,83,93) (42,46,50) (53,54,55) 
(40,46,52) (11,12,13) (40,44,48) (67,75,83) (32,32,32) (13,15,17) (42,49,56) (4,4,4) (25,29,33) (72,76,80) (56,65,74) (36,39,42) (70,73,76) (52,54,56) (63,63,63) (71,78,85) (17,18,19) (87,91,95) (3,3,3) (84,93,102) 
(91,98,105) (7,7,7) (41,47,53) (55,56,57) (37,37,37) (3,3,3) (16,17,18) (92,94,96) (8,9,10) (18,19,20) (91,91,91) (54,58,62) (7,8,9) (32,32,32) (56,60,64) (5,5,5) (58,64,70) (3,3,3) (51,56,61) (96,98,100) 
(93,93,93) (61,63,65) (38,40,42) (76,88,100) (20,20,20) (10,11,12) (14,16,18) (49,55,61) (59,61,63) (69,81,93) (17,17,17) (14,16,18) (40,45,50) (46,46,46) (85,85,85) (82,89,96) (1,1,1) (19,22,25) (59,59,59) (51,55,59) 
(65,76,87) (81,86,91) (71,83,95) (26,26,26) (4,4,4) (52,61,70) (62,72,82) (73,81,89) (41,44,47) (45,48,51) (15,17,19) (72,72,72) (13,14,15) (43,46,49) (41,46,51) (71,80,89) (72,74,76) (10,11,12) (49,57,65) (2,2,2) 
(13,13,13) (42,49,56) (65,76,87) (41,41,41) (3,3,3) (12,13,14) (89,95,101) (87,98,109) (26,29,32) (45,48,51) (60,60,60) (61,67,73) (24,28,32) (59,64,69) (36,36,36) (40,47,54) (71,78,85) (75,83,91) (30,32,34) (82,88,94) 
(53,58,63) (67,74,81) (38,41,44) (68,75,82) (43,45,47) (17,19,21) (51,51,51) (34,39,44) (91,94,97) (41,41,41) (60,62,64) (72,75,78) (34,36,38) (5,5,5) (80,80,80) (41,47,53) (34,36,38) (21,23,25) (6,6,6) (3,3,3) 
(87,92,97) (61,64,67) (1,1,1) (65,65,65) (2,2,2) (82,87,92) (43,45,47) (70,73,76) (30,30,30) (57,67,77) (60,68,76) (32,33,34) (33,35,37) (64,65,66) (45,50,55) (84,93,102) (32,36,40) (18,18,18) (37,39,41) (49,54,59) 
(39,40,41) (10,11,12) (8,8,8) (27,29,31) (23,26,29) (65,65,65) (25,26,27) (16,17,18) (52,52,52) (22,24,26) (84,87,90) (59,67,75) (80,88,96) (81,83,85) (33,36,39) (29,30,31) (90,97,104) (17,19,21) (85,97,109) (60,68,76) 
(58,64,70) (52,61,70) (51,59,67) (64,65,66) (91,93,95) (70,80,90) (74,83,92) (5,5,5) (45,50,55) (41,42,43) (48,49,50) (59,69,79) (77,86,95) (12,14,16) (84,84,84) (40,41,42) (27,31,35) (59,67,75) (86,88,90) (19,20,21) 
(44,45,46) (19,22,25) (2,2,2) (78,83,88) (58,61,64) (54,55,56) (83,85,87) (69,72,75) (35,37,39) (48,56,64) (68,73,78) (57,65,73) (19,19,19) (40,42,44) (49,51,53) (83,88,93) (2,2,2) (1,1,1) (1,1,1) (29,30,31) 
(63,74,85) (28,28,28) (83,87,91) (89,91,93) (66,68,70) (26,27,28) (41,42,43) (87,99,111) (6,7,8) (20,23,26) (26,27,28) (15,16,17) (86,86,86) (59,61,63) (25,28,31) (57,62,67) (82,87,92) (62,72,82) (83,93,103) (64,67,70) 
(70,77,84) (18,20,22) (46,53,60) (51,52,53) (13,14,15) (52,57,62) (2,2,2) (74,78,82) (63,63,63) (11,12,13) (9,10,11) (1,1,1) (55,59,63) (1,1,1) (66,67,68) (52,53,54) (72,76,80) (16,17,18) (75,80,85) (12,12,12) 
(72,74,76) (80,86,92) (75,78,81) (47,55,63) (70,75,80) (35,37,39) (31,36,41) (44,49,54) (43,50,57) (92,93,94) (50,52,54) (74,77,80) (77,83,89) (25,29,33) (80,84,88) (56,60,64) (84,92,100) (57,61,65) (31,31,31) (3,3,3) 
(65,76,87) (24,26,28) (33,38,43) (61,61,61) (57,67,77) (57,60,63) (36,40,44) (6,7,8) (17,20,23) (6,7,8) (95,97,99) (69,76,83) (16,18,20) (78,83,88) (39,39,39) (58,64,70) (42,43,44) (37,39,41) (76,79,82) (79,79,79) 
(58,61,64) (65,73,81) (86,91,96) (39,42,45) (65,70,75) (70,73,76) (34,34,34) (74,81,88) (18,19,20) (57,64,71) (50,54,58) (88,96,104) (83,89,95) (3,3,3) (52,55,58) (80,94,108) (85,93,101) (22,24,26) (9,10,11) (87,99,111) 
(65,73,81) (10,10,10) (6,6,6) (63,67,71) (21,22,23) (44,50,56) (4,4,4) (26,29,32) (32,34,36) (13,15,17) (40,46,52) (30,32,34) (66,66,66) (27,28,29) (67,67,67) (55,63,71) (55,60,65) (37,39,41) (63,65,67) (18,19,20) 
(92,94,96) (73,77,81) (32,36,40) (87,97,107) (38,38,38) (8,8,8) (63,71,79) (74,83,92) (41,43,45) (74,86,98) (30,33,36) (85,94,103) (26,30,34) (32,33,34) (76,89,102) (36,37,38) (1,1,1) (31,35,39) (90,94,98) (28,32,36) 
(24,24,24) (67,67,67) (61,61,61) (41,41,41) (17,18,19) (4,4,4) (85,91,97) (72,73,74) (33,33,33) (85,96,107) (55,59,63) (61,63,65) (36,40,44) (5,5,5) (10,10,10) (44,45,46) (24,27,30) (51,53,55) (24,24,24) (69,81,93) 
(27,31,35) (92,99,106) (14,14,14) (63,64,65) (83,89,95) (40,43,46) (84,93,102) (28,32,36) (31,32,33) (26,26,26) (20,22,24) (31,33,35) (80,89,98) (36,41,46) (35,40,45) (74,87,100) (23,26,29) (84,98,112) (53,53,53) (84,98,112) 
