NUMBER OF JOBS
100
NUMBER OF RESOURCES
20
RESOURCE SEQUENCE
8 10 5 0 7 2 14 12 3 15 18 9 11 16 4 13 19 17 6 1 
3 4 6 10 16 5 13 18 1 0 14 9 15 7 17 12 8 2 11 19 
0 8 13 5 2 9 18 1 14 6 17 15 3 19 12 10 7 4 16 11 
12 9 14 19 16 2 0 6 1 13 17 8 7 5 10 15 4 11 3 18 
9 17 12 18 13 8 15 10 6 14 19 4 5 2 0 11 7 3 16 1 
11 5 18 0 9 16 19 15 4 7 8 3 17 13 2 1 14 10 12 6 
7 3 9 10 13 19 6 14 5 16 0 1 2 18 4 17 8 12 15 11 
4 5 9 18 10 8 11 0 16 13 12 14 19 7 15 2 1 17 6 3 
17 4 8 3 7 13 12 14 9 0 5 10 15 19 2 1 6 16 18 11 
0 8 19 18 13 7 17 3 15 6 2 14 9 4 16 5 11 12 1 10 
10 12 1 6 2 5 0 13 16 17 3 18 8 15 11 7 14 4 19 9 
6 7 5 10 1 3 18 2 15 16 4 14 0 11 13 9 8 19 17 12 
18 2 4 15 7 5 11 3 13 6 0 9 17 16 1 19 8 14 12 10 
17 13 14 19 0 4 9 6 5 1 8 12 18 7 3 11 10 16 15 2 
15 1 13 8 19 17 6 2 9 0 14 7 4 5 16 18 10 3 11 12 
8 12 5 2 19 0 15 14 4 18 11 1 17 3 9 10 16 7 13 6 
14 6 16 9 11 12 13 4 2 15 19 17 5 18 3 10 7 1 0 8 
12 2 13 16 11 18 19 17 15 7 1 8 3 0 4 14 10 6 9 5 
14 6 9 18 3 13 2 15 19 17 12 5 1 7 0 10 4 8 11 16 
14 19 5 3 12 15 16 13 9 18 10 1 7 17 0 4 11 2 8 6 
11 7 14 13 3 17 9 8 0 5 4 19 6 15 10 16 2 12 1 18 
7 18 17 0 1 16 12 9 14 6 8 3 4 15 2 19 13 5 11 10 
1 5 16 3 17 2 15 6 4 9 11 8 13 10 14 12 18 0 7 19 
1 0 16 10 8 14 2 17 6 5 11 13 4 9 15 12 7 19 3 18 
14 0 5 18 10 7 17 13 2 19 6 15 3 16 11 1 12 9 4 8 
10 7 14 6 13 11 15 9 4 8 19 12 16 1 5 3 0 18 17 2 
0 5 10 2 1 8 9 4 12 6 11 18 3 7 13 16 19 17 14 15 
18 17 16 8 19 6 10 14 2 15 7 9 3 4 0 12 1 11 13 5 
18 7 6 14 5 8 16 19 3 2 17 4 1 13 0 15 10 12 11 9 
19 1 11 17 7 3 4 6 18 16 15 9 12 5 0 8 10 2 13 14 
2 13 5 16 0 11 7 17 9 15 18 6 14 3 19 10 12 8 1 4 
10 4 5 0 8 9 1 6 17 13 7 16 11 3 19 14 12 18 15 2 
17 10 12 7 19 2 15 9 0 11 3 5 8 14 4 1 16 6 18 13 
15 2 16 6 4 8 14 1 11 13 17 12 18 7 9 0 19 5 10 3 
6 4 5 18 7 9 0 15 17 1 11 12 3 2 10 13 16 19 8 14 
5 14 0 8 11 6 4 15 16 3 13 2 19 9 7 18 17 1 10 12 
15 6 2 12 1 9 4 17 5 3 10 0 18 14 13 8 16 11 7 19 
6 9 2 0 10 11 8 18 13 7 3 14 15 16 4 17 19 12 1 5 
0 1 7 9 12 2 6 16 5 3 19 10 4 13 8 15 17 11 18 14 
2 18 8 0 3 5 9 15 7 11 4 16 10 14 12 6 1 17 19 13 
7 5 11 2 8 15 12 18 14 17 3 16 10 1 0 19 9 6 4 13 
15 16 7 3 9 1 17 0 14 8 2 10 19 6 11 13 18 4 12 5 
3 13 16 10 2 0 15 17 4 5 8 7 9 11 18 19 14 12 1 6 
7 8 3 19 1 12 11 2 5 0 16 18 14 17 15 4 6 9 13 10 
1 19 12 8 10 14 11 9 2 18 0 5 13 7 6 15 4 17 16 3 
16 14 10 11 9 17 13 18 12 2 1 4 0 8 15 5 3 7 19 6 
7 15 11 1 13 3 14 9 4 10 6 8 2 18 12 19 5 0 17 16 
8 1 10 3 12 17 15 7 16 9 4 5 19 11 2 6 13 0 18 14 
9 18 4 14 12 5 6 8 17 10 2 15 3 19 1 11 7 0 16 13 
5 8 14 10 12 0 4 11 2 1 13 15 17 19 16 9 18 6 7 3 
3 15 9 5 18 7 1 17 12 0 6 19 11 14 4 8 16 13 10 2 
15 13 1 7 0 4 17 9 19 5 18 11 16 14 8 3 6 2 12 10 
12 9 8 2 18 1 19 4 10 0 13 17 15 16 6 11 3 14 7 5 
17 18 14 8 12 5 11 2 1 15 7 16 10 6 13 9 0 3 4 19 
5 12 16 11 0 8 10 4 7 3 2 13 17 1 14 15 18 19 9 6 
19 11 2 3 14 10 1 12 9 6 18 13 5 8 7 17 0 15 16 4 
9 8 4 1 5 12 16 19 3 10 15 14 2 6 11 18 13 0 7 17 
12 16 2 18 3 5 4 11 13 14 10 1 9 6 17 15 7 0 8 19 
17 2 5 11 16 12 14 3 15 13 4 1 6 9 18 10 7 0 19 8 
18 13 1 3 0 14 12 6 11 8 15 16 7 19 9 10 4 2 17 5 
7 6 16 0 2 5 19 15 1 10 8 14 18 4 3 13 9 11 12 17 
17 8 19 13 9 16 7 0 3 18 10 2 1 6 11 14 4 15 5 12 
1 10 7 0 15 16 17 9 13 5 2 3 6 11 12 14 8 18 19 4 
9 14 17 18 13 12 4 15 7 3 5 19 0 6 1 11 8 16 2 10 
1 9 4 5 7 8 15 13 12 10 3 0 14 19 2 6 16 18 11 17 
1 8 16 19 9 2 12 17 0 10 5 3 11 18 15 4 6 13 14 7 
16 5 6 9 8 15 7 17 1 10 2 14 0 18 12 13 3 4 11 19 
15 18 16 19 2 14 6 7 5 12 3 0 11 17 1 8 9 10 13 4 
12 18 15 11 8 7 3 1 2 5 17 16 10 14 13 9 4 19 0 6 
12 10 4 2 5 7 9 11 19 18 14 17 15 3 0 13 8 6 1 16 
15 8 4 14 19 13 5 17 1 0 9 3 11 6 10 7 12 18 16 2 
12 3 6 10 18 14 11 15 0 17 1 13 4 9 19 5 2 16 7 8 
14 4 2 10 17 6 0 7 19 1 11 3 16 15 8 13 12 9 18 5 
17 18 9 4 5 2 8 13 6 15 12 3 14 1 0 7 16 11 10 19 
12 11 3 1 0 18 8 16 14 19 13 10 9 4 17 5 2 7 6 15 
17 11 2 14 19 10 3 6 8 9 13 0 15 1 16 5 7 12 4 18 
18 19 3 17 1 5 4 10 2 7 12 14 9 15 8 11 13 16 6 0 
11 0 13 14 19 3 7 4 6 10 2 5 8 12 9 17 15 16 18 1 
7 17 3 9 4 8 19 15 14 2 0 11 13 16 10 5 12 6 1 18 
11 17 9 1 10 12 4 0 13 6 19 5 2 7 3 14 16 8 15 18 
15 0 2 9 3 7 6 12 17 4 19 14 18 5 11 1 16 8 10 13 
12 16 10 13 7 19 2 6 1 15 11 0 5 9 4 17 3 18 8 14 
19 5 10 15 8 7 6 1 14 9 16 0 11 12 17 18 3 2 13 4 
10 13 9 14 18 5 19 15 3 8 6 4 7 1 17 11 12 0 2 16 
2 15 11 14 8 16 19 7 4 1 0 12 9 13 18 6 5 10 17 3 
4 2 3 15 8 11 18 17 16 12 1 13 14 19 5 7 0 10 6 9 
12 0 4 8 19 6 5 10 9 15 7 18 3 14 2 13 11 17 16 1 
13 15 19 5 4 7 18 16 3 11 12 2 9 0 10 1 14 8 17 6 
14 13 16 8 6 10 11 0 9 15 17 18 7 1 3 4 19 5 12 2 
6 3 12 13 2 15 0 10 19 18 9 1 7 17 4 5 11 16 8 14 
2 14 9 6 4 16 11 8 12 13 1 18 0 7 17 3 15 5 19 10 
16 8 9 12 18 11 13 5 4 19 6 1 17 15 7 2 3 0 10 14 
15 16 11 18 14 10 5 0 7 3 6 8 9 12 1 17 2 4 19 13 
14 12 6 8 4 16 5 19 15 11 17 1 2 9 13 18 3 7 0 10 
10 11 14 12 4 9 5 18 17 3 1 7 16 13 6 0 2 8 19 15 
16 6 3 15 7 4 12 9 8 13 2 10 1 19 14 0 18 5 11 17 
5 19 8 4 0 1 14 18 13 7 17 11 2 6 3 10 15 9 16 12 
9 6 16 4 19 5 18 11 13 15 1 2 7 8 3 14 17 12 0 10 
4 6 5 7 8 0 17 9 13 19 12 14 11 16 1 3 10 2 18 15 
17 14 2 12 7 9 8 5 16 18 0 3 13 15 19 4 11 6 1 10 
PROCESSING TIMES
(47,53,59) (37,40,43) (79,82,85) (39,42,45) (88,98,108) (75,86,97) (48,50,52) (49,57,65) (24,28,32) (6,7,8) (12,13,14) (23,24,25) (52,61,70) (52,54,56) (88,97,106) (85,92,99) (80,86,92) (5,5,5) (28,32,36) (10,11,12) 
(39,44,49) (49,50,51) (38,39,40) (81,81,81) (46,51,56) (91,92,93) (63,65,67) (19,20,21) (68,75,82) (59,60,61) (81,95,109) (25,28,31) (12,14,16) (25,28,31) (54,54,54) (54,55,56) (85,91,97) (3,3,3) (25,28,31) (82,93,104) 
(52,52,52) (61,67,73) (57,64,71) (78,83,88) (34,37,40) (21,21,21) (9,10,11) (61,62,63) (63,74,85) (80,86,92) (69,71,73) (39,43,47) (24,24,24) (5,5,5) (74,78,82) (9,10,11) (39,40,41) (51,51,51) (77,89,101) (52,54,56) 
(71,74,77) (83,86,89) (70,71,72) (74,80,86) (18,21,24) (14,14,14) (42,49,56) (16,16,16) (23,26,29) (29,34,39) (2,2,2) (16,17,18) (44,47,50) (62,68,74) (18,21,24) (7,8,9) (8,8,8) (47,51,55) (18,21,24) (65,71,77) 
(78,89,100) (47,50,53) (80,80,80) (84,88,92) (14,16,18) (55,58,61) (17,20,23) (29,32,35) (41,42,43) (79,89,99) (76,79,82) (86,87,88) (63,73,83) (66,74,82) (15,17,19) (52,53,54) (75,81,87) (85,85,85) (49,55,61) (51,57,63) 
(72,73,74) (5,5,5) (25,26,27) (50,57,64) (42,45,48) (40,40,40) (46,46,46) (15,15,15) (76,79,82) (47,48,49) (17,20,23) (61,69,77) (15,16,17) (28,29,30) (44,48,52) (37,38,39) (6,6,6) (18,18,18) (57,62,67) (82,86,90) 
(55,57,59) (83,89,95) (88,91,94) (94,96,98) (61,66,71) (45,49,53) (82,88,94) (56,62,68) (74,86,98) (74,80,86) (12,13,14) (54,58,62) (80,81,82) (67,70,73) (42,48,54) (53,61,69) (12,12,12) (67,69,71) (68,76,84) (20,23,26) 
(26,30,34) (65,65,65) (25,26,27) (56,60,64) (33,38,43) (64,66,68) (76,76,76) (73,85,97) (37,39,41) (95,96,97) (19,19,19) (69,75,81) (5,5,5) (83,91,99) (13,14,15) (40,46,52) (27,27,27) (59,69,79) (93,95,97) (3,3,3) 
(1,1,1) (99,99,99) (87,97,107) (15,17,19) (45,51,57) (59,63,67) (76,82,88) (74,79,84) (52,60,68) (57,61,65) (92,92,92) (58,58,58) (13,13,13) (2,2,2) (3,3,3) (72,74,76) (37,43,49) (31,34,37) (6,6,6) (1,1,1) 
(18,18,18) (70,77,84) (11,12,13) (32,36,40) (61,64,67) (33,35,37) (60,66,72) (83,86,89) (89,98,107) (53,54,55) (10,11,12) (41,41,41) (15,15,15) (78,87,96) (66,76,86) (29,33,37) (80,85,90) (12,12,12) (1,1,1) (62,62,62) 
(26,29,32) (17,17,17) (19,21,23) (90,93,96) (35,39,43) (46,48,50) (45,46,47) (56,60,64) (9,9,9) (55,61,67) (43,43,43) (44,47,50) (47,47,47) (79,92,105) (2,2,2) (73,77,81) (51,58,65) (63,71,79) (16,16,16) (48,50,52) 
(87,91,95) (42,42,42) (31,32,33) (93,96,99) (51,58,65) (21,24,27) (55,56,57) (55,63,71) (67,74,81) (1,1,1) (38,42,46) (76,84,92) (51,56,61) (43,44,45) (53,58,63) (1,1,1) (5,5,5) (47,53,59) (44,44,44) (52,52,52) 
(43,48,53) (15,16,17) (32,37,42) (55,60,65) (52,54,56) (31,32,33) (59,69,79) (23,25,27) (41,48,55) (67,72,77) (75,77,79) (28,29,30) (60,64,68) (10,10,10) (51,53,55) (80,90,100) (63,71,79) (74,84,94) (82,82,82) (91,93,95) 
(20,23,26) (26,28,30) (89,99,109) (47,49,51) (73,79,85) (6,7,8) (30,32,34) (88,89,90) (11,12,13) (22,22,22) (54,54,54) (82,88,94) (65,69,73) (63,65,67) (87,95,103) (73,84,95) (28,32,36) (62,64,66) (29,33,37) (51,55,59) 
(90,97,104) (49,49,49) (10,11,12) (79,79,79) (75,86,97) (65,67,69) (44,51,58) (76,80,84) (26,29,32) (67,75,83) (59,64,69) (59,59,59) (79,92,105) (85,85,85) (89,92,95) (3,3,3) (94,94,94) (62,69,76) (29,34,39) (26,27,28) 
(70,75,80) (18,20,22) (78,87,96) (63,67,71) (70,70,70) (23,23,23) (88,93,98) (29,31,33) (70,72,74) (16,16,16) (31,36,41) (5,5,5) (56,59,62) (69,75,81) (80,85,90) (23,24,25) (27,29,31) (5,5,5) (45,47,49) (1,1,1) 
(21,24,27) (13,13,13) (26,27,28) (18,21,24) (26,29,32) (19,19,19) (86,91,96) (34,37,40) (89,93,97) (67,76,85) (75,75,75) (15,15,15) (67,70,73) (65,70,75) (86,91,96) (57,57,57) (16,18,20) (7,8,9) (29,29,29) (68,73,78) 
(15,16,17) (14,15,16) (72,76,80) (1,1,1) (80,93,106) (86,87,88) (60,60,60) (60,67,74) (23,27,31) (87,91,95) (41,45,49) (27,28,29) (6,7,8) (64,68,72) (83,97,111) (6,6,6) (47,50,53) (65,71,77) (46,52,58) (98,99,100) 
(73,81,89) (47,53,59) (14,16,18) (76,88,100) (14,16,18) (3,3,3) (42,49,56) (54,62,70) (23,26,29) (26,26,26) (38,43,48) (30,31,32) (71,75,79) (31,35,39) (68,72,76) (37,37,37) (72,79,86) (88,94,100) (85,94,103) (6,7,8) 
(80,93,106) (20,21,22) (85,92,99) (55,60,65) (39,42,45) (8,9,10) (80,93,106) (65,68,71) (27,28,29) (26,29,32) (42,45,48) (86,94,102) (93,97,101) (70,78,86) (5,5,5) (57,66,75) (75,85,95) (39,39,39) (16,18,20) (78,80,82) 
(42,43,44) (32,33,34) (19,21,23) (59,63,67) (50,56,62) (81,90,99) (11,12,13) (12,12,12) (70,79,88) (51,51,51) (92,99,106) (88,98,108) (68,68,68) (8,8,8) (58,61,64) (38,41,44) (55,58,61) (8,8,8) (37,42,47) (9,9,9) 
(60,66,72) (80,83,86) (35,38,41) (37,40,43) (50,57,64) (62,62,62) (27,31,35) (21,21,21) (75,88,101) (52,59,66) (79,82,85) (90,96,102) (63,69,75) (10,11,12) (47,49,51) (1,1,1) (54,56,58) (94,97,100) (19,21,23) (26,26,26) 
(46,53,60) (12,12,12) (80,91,102) (81,86,91) (64,66,68) (73,85,97) (2,2,2) (75,78,81) (20,23,26) (25,28,31) (14,16,18) (30,35,40) (47,55,63) (35,35,35) (45,51,57) (3,3,3) (24,25,26) (46,54,62) (6,6,6) (9,10,11) 
(10,10,10) (54,63,72) (3,3,3) (63,67,71) (77,82,87) (12,12,12) (99,99,99) (50,57,64) (62,70,78) (60,67,74) (79,82,85) (32,37,42) (16,16,16) (47,47,47) (82,90,98) (65,71,77) (72,74,76) (64,75,86) (30,31,32) (63,69,75) 
(80,86,92) (17,17,17) (1,1,1) (36,39,42) (36,42,48) (30,35,40) (73,85,97) (30,35,40) (86,93,100) (45,48,51) (22,22,22) (72,76,80) (22,25,28) (37,42,47) (59,65,71) (3,3,3) (79,79,79) (90,95,100) (55,59,63) (24,24,24) 
(78,83,88) (65,72,79) (45,50,55) (86,93,100) (7,8,9) (7,7,7) (70,79,88) (51,57,63) (92,95,98) (68,68,68) (57,67,77) (13,15,17) (58,58,58) (2,2,2) (33,34,35) (81,95,109) (62,72,82) (89,96,103) (29,30,31) (26,26,26) 
(11,11,11) (22,22,22) (72,81,90) (55,63,71) (89,95,101) (2,2,2) (22,22,22) (81,81,81) (2,2,2) (81,91,101) (6,7,8) (33,36,39) (26,27,28) (75,87,99) (51,54,57) (24,24,24) (4,4,4) (80,94,108) (7,7,7) (24,26,28) 
(11,11,11) (20,21,22) (43,46,49) (86,91,96) (28,30,32) (16,18,20) (33,37,41) (35,35,35) (4,4,4) (60,64,68) (9,9,9) (53,57,61) (49,51,53) (38,41,44) (82,90,98) (23,24,25) (26,28,30) (81,94,107) (70,80,90) (30,32,34) 
(17,17,17) (37,40,43) (41,44,47) (65,72,79) (35,41,47) (29,31,33) (81,86,91) (6,7,8) (54,60,66) (39,41,43) (11,11,11) (34,36,38) (20,20,20) (21,23,25) (72,81,90) (23,27,31) (53,53,53) (7,8,9) (95,96,97) (71,77,83) 
(34,39,44) (40,40,40) (32,37,42) (61,70,79) (12,13,14) (42,43,44) (35,36,37) (72,81,90) (48,55,62) (4,4,4) (56,60,64) (18,20,22) (29,31,33) (61,66,71) (9,9,9) (22,22,22) (6,6,6) (83,84,85) (84,94,104) (13,15,17) 
(49,52,55) (11,12,13) (1,1,1) (32,32,32) (49,52,55) (6,6,6) (9,9,9) (6,6,6) (16,18,20) (91,97,103) (77,82,87) (12,12,12) (56,62,68) (43,43,43) (87,88,89) (4,4,4) (8,8,8) (87,89,91) (42,49,56) (27,27,27) 
(62,69,76) (98,98,98) (37,43,49) (85,94,103) (63,71,79) (78,82,86) (37,42,47) (79,91,103) (20,20,20) (45,52,59) (45,45,45) (50,58,66) (1,1,1) (19,19,19) (6,7,8) (9,9,9) (77,83,89) (84,93,102) (53,62,71) (58,68,78) 
(6,6,6) (75,78,81) (50,55,60) (62,62,62) (1,1,1) (29,33,37) (26,26,26) (19,20,21) (21,21,21) (91,99,107) (7,8,9) (85,91,97) (68,76,84) (46,52,58) (32,33,34) (14,15,16) (62,72,82) (34,34,34) (34,34,34) (82,96,110) 
(45,49,53) (17,20,23) (47,54,61) (34,34,34) (42,43,44) (28,28,28) (54,59,64) (56,63,70) (90,95,100) (30,32,34) (22,23,24) (26,28,30) (40,47,54) (41,45,49) (27,28,29) (43,46,49) (24,25,26) (46,53,60) (16,18,20) (51,53,55) 
(37,41,45) (12,13,14) (41,43,45) (7,8,9) (94,98,102) (72,75,78) (70,71,72) (51,60,69) (18,20,22) (15,15,15) (11,11,11) (61,65,69) (55,56,57) (87,89,91) (45,48,51) (82,83,84) (69,76,83) (77,82,87) (48,52,56) (25,26,27) 
(38,40,42) (18,20,22) (55,63,71) (9,10,11) (23,23,23) (78,79,80) (61,71,81) (12,12,12) (37,43,49) (14,15,16) (53,62,71) (18,19,20) (4,4,4) (40,46,52) (62,70,78) (86,87,88) (40,45,50) (22,24,26) (27,30,33) (76,76,76) 
(32,37,42) (50,58,66) (5,5,5) (28,29,30) (17,20,23) (24,24,24) (39,40,41) (29,34,39) (53,53,53) (64,72,80) (12,12,12) (25,26,27) (12,12,12) (37,40,43) (64,74,84) (25,29,33) (39,43,47) (40,42,44) (12,12,12) (37,43,49) 
(61,62,63) (32,35,38) (58,62,66) (19,20,21) (15,17,19) (43,44,45) (91,94,97) (6,6,6) (82,83,84) (81,85,89) (14,14,14) (68,71,74) (5,5,5) (7,7,7) (46,53,60) (41,43,45) (2,2,2) (11,11,11) (18,18,18) (77,89,101) 
(60,68,76) (94,94,94) (84,87,90) (29,34,39) (9,10,11) (65,76,87) (28,29,30) (38,41,44) (30,30,30) (53,58,63) (31,34,37) (74,83,92) (14,15,16) (26,30,34) (26,28,30) (23,24,25) (38,40,42) (1,1,1) (64,72,80) (71,82,93) 
(47,55,63) (8,9,10) (78,85,92) (63,74,85) (6,6,6) (16,16,16) (5,5,5) (24,24,24) (12,12,12) (31,33,35) (30,30,30) (31,34,37) (31,34,37) (17,17,17) (70,75,80) (34,38,42) (49,49,49) (71,78,85) (17,19,21) (33,35,37) 
(50,51,52) (40,40,40) (28,28,28) (84,84,84) (67,78,89) (90,93,96) (38,39,40) (14,14,14) (50,57,64) (51,52,53) (80,94,108) (9,10,11) (33,35,37) (93,97,101) (85,93,101) (80,87,94) (42,47,52) (26,27,28) (18,18,18) (24,24,24) 
(42,43,44) (9,9,9) (58,63,68) (11,11,11) (25,26,27) (36,42,48) (48,53,58) (37,42,47) (8,8,8) (7,7,7) (67,77,87) (88,97,106) (42,43,44) (50,52,54) (30,32,34) (20,23,26) (30,32,34) (45,50,55) (86,99,112) (77,83,89) 
(47,51,55) (14,16,18) (73,83,93) (32,33,34) (79,90,101) (22,24,26) (18,21,24) (95,95,95) (11,11,11) (49,56,63) (20,21,22) (32,37,42) (70,72,74) (5,5,5) (93,94,95) (27,28,29) (25,26,27) (58,67,76) (47,52,57) (90,95,100) 
(79,82,85) (65,72,79) (58,62,66) (52,61,70) (20,22,24) (17,18,19) (65,66,67) (28,28,28) (82,88,94) (48,48,48) (80,87,94) (36,41,46) (75,78,81) (66,70,74) (2,2,2) (13,15,17) (13,13,13) (22,25,28) (41,44,47) (55,62,69) 
(24,28,32) (24,24,24) (48,56,64) (73,77,81) (21,21,21) (42,46,50) (29,30,31) (80,89,98) (52,56,60) (62,71,80) (22,23,24) (28,31,34) (25,26,27) (74,76,78) (61,70,79) (81,93,105) (76,86,96) (69,74,79) (74,79,84) (52,57,62) 
(37,40,43) (64,72,80) (89,96,103) (51,52,53) (4,4,4) (17,17,17) (22,25,28) (86,92,98) (61,67,73) (77,77,77) (58,62,66) (10,11,12) (3,3,3) (66,75,84) (20,21,22) (70,79,88) (90,90,90) (65,70,75) (39,40,41) (49,51,53) 
(7,7,7) (6,7,8) (2,2,2) (56,61,66) (30,34,38) (43,46,49) (7,7,7) (21,22,23) (36,36,36) (33,36,39) (11,11,11) (86,95,104) (11,11,11) (61,69,77) (7,8,9) (48,56,64) (29,33,37) (69,69,69) (78,87,96) (57,58,59) 
(30,31,32) (10,11,12) (5,5,5) (14,15,16) (51,51,51) (70,76,82) (1,1,1) (46,51,56) (29,30,31) (36,36,36) (17,17,17) (45,52,59) (60,61,62) (9,9,9) (69,80,91) (10,10,10) (70,75,80) (58,66,74) (31,32,33) (12,14,16) 
(72,84,96) (86,94,102) (57,61,65) (88,90,92) (9,9,9) (70,72,74) (64,66,68) (5,5,5) (72,76,80) (41,41,41) (75,87,99) (78,80,82) (44,50,56) (42,45,48) (82,95,108) (12,12,12) (31,32,33) (51,52,53) (25,28,31) (64,75,86) 
(58,60,62) (18,21,24) (58,60,62) (50,52,54) (40,42,44) (43,47,51) (76,77,78) (82,93,104) (25,27,29) (62,62,62) (22,24,26) (35,37,39) (4,4,4) (65,75,85) (48,56,64) (14,16,18) (65,76,87) (57,64,71) (80,85,90) (11,11,11) 
(21,21,21) (9,10,11) (74,87,100) (42,47,52) (40,40,40) (39,45,51) (46,48,50) (24,27,30) (55,63,71) (29,29,29) (34,36,38) (25,25,25) (68,74,80) (19,19,19) (20,20,20) (76,78,80) (48,51,54) (29,32,35) (64,69,74) (22,23,24) 
(70,71,72) (6,7,8) (57,64,71) (53,53,53) (77,89,101) (34,39,44) (83,86,89) (2,2,2) (91,92,93) (5,5,5) (49,52,55) (54,63,72) (27,27,27) (70,75,80) (45,46,47) (3,3,3) (90,98,106) (75,82,89) (6,6,6) (70,70,70) 
(47,51,55) (89,89,89) (36,36,36) (73,84,95) (82,95,108) (11,12,13) (90,97,104) (70,75,80) (53,57,61) (71,79,87) (86,91,96) (77,77,77) (15,17,19) (79,86,93) (51,58,65) (41,43,45) (14,15,16) (88,90,92) (25,28,31) (41,45,49) 
(3,3,3) (29,31,33) (71,71,71) (51,51,51) (6,6,6) (33,37,41) (4,4,4) (72,81,90) (88,98,108) (86,97,108) (57,58,59) (18,19,20) (76,84,92) (3,3,3) (96,96,96) (44,50,56) (19,21,23) (81,86,91) (44,44,44) (69,76,83) 
(61,66,71) (8,9,10) (31,32,33) (76,78,80) (19,20,21) (60,69,78) (45,46,47) (1,1,1) (90,93,96) (70,81,92) (18,18,18) (61,64,67) (38,40,42) (37,39,41) (76,86,96) (86,92,98) (65,69,73) (68,69,70) (16,17,18) (10,11,12) 
(94,98,102) (72,80,88) (7,8,9) (95,98,101) (56,56,56) (42,47,52) (26,26,26) (29,30,31) (46,49,52) (51,55,59) (66,75,84) (59,66,73) (40,44,48) (11,12,13) (51,60,69) (80,81,82) (72,82,92) (33,38,43) (28,29,30) (72,72,72) 
(47,55,63) (16,18,20) (30,32,34) (78,78,78) (89,95,101) (40,40,40) (75,79,83) (34,35,36) (37,41,45) (38,40,42) (59,65,71) (84,89,94) (16,16,16) (18,20,22) (76,86,96) (52,59,66) (49,49,49) (81,86,91) (35,36,37) (25,25,25) 
(6,6,6) (51,51,51) (25,26,27) (59,59,59) (17,20,23) (65,65,65) (45,50,55) (87,99,111) (92,96,100) (59,62,65) (45,47,49) (89,89,89) (34,39,44) (61,68,75) (28,28,28) (61,70,79) (26,29,32) (69,71,73) (88,94,100) (77,79,81) 
(46,51,56) (64,73,82) (20,20,20) (26,26,26) (11,11,11) (43,46,49) (31,35,39) (75,87,99) (74,84,94) (91,95,99) (81,84,87) (89,97,105) (46,50,54) (9,10,11) (99,99,99) (96,97,98) (74,86,98) (80,83,86) (23,27,31) (77,84,91) 
(54,58,62) (24,24,24) (87,99,111) (75,80,85) (71,78,85) (9,10,11) (51,53,55) (9,10,11) (97,99,101) (81,85,89) (78,80,82) (7,7,7) (22,24,26) (58,66,74) (80,92,104) (69,74,79) (87,98,109) (9,9,9) (27,30,33) (24,28,32) 
(8,9,10) (80,88,96) (54,56,58) (20,23,26) (81,92,103) (33,38,43) (88,88,88) (62,64,66) (68,71,74) (55,59,63) (10,11,12) (32,32,32) (70,71,72) (62,62,62) (25,27,29) (20,20,20) (53,54,55) (41,43,45) (2,2,2) (63,73,83) 
(62,69,76) (43,47,51) (59,60,61) (65,75,85) (12,13,14) (20,22,24) (16,16,16) (54,60,66) (87,87,87) (78,80,82) (33,33,33) (12,14,16) (59,59,59) (90,99,108) (97,97,97) (50,55,60) (3,3,3) (40,40,40) (27,30,33) (34,36,38) 
(55,56,57) (2,2,2) (29,31,33) (69,70,71) (87,92,97) (85,87,89) (45,49,53) (23,25,27) (5,5,5) (42,42,42) (59,66,73) (18,18,18) (1,1,1) (42,43,44) (31,32,33) (46,46,46) (47,48,49) (18,20,22) (10,11,12) (20,23,26) 
(26,29,32) (20,22,24) (15,17,19) (19,19,19) (31,35,39) (27,28,29) (17,19,21) (26,29,32) (76,80,84) (55,59,63) (75,86,97) (88,95,102) (34,36,38) (74,79,84) (76,82,88) (76,89,102) (71,72,73) (24,27,30) (79,86,93) (4,4,4) 
(72,76,80) (29,31,33) (80,93,106) (58,64,70) (86,87,88) (77,84,91) (54,62,70) (36,41,46) (6,6,6) (34,36,38) (11,12,13) (16,18,20) (60,68,76) (83,96,109) (81,90,99) (33,34,35) (65,67,69) (60,61,62) (73,73,73) (58,64,70) 
(41,41,41) (27,28,29) (38,39,40) (32,34,36) (36,36,36) (13,13,13) (88,95,102) (11,12,13) (9,10,11) (30,30,30) (30,34,38) (89,92,95) (13,14,15) (15,15,15) (10,10,10) (96,98,100) (66,75,84) (55,62,69) (12,12,12) (88,88,88) 
(8,9,10) (81,83,85) (83,93,103) (87,98,109) (33,33,33) (79,81,83) (37,40,43) (17,18,19) (96,96,96) (45,52,59) (45,51,57) (94,99,104) (34,34,34) (46,46,46) (29,30,31) (55,55,55) (42,44,46) (28,32,36) (66,71,76) (10,10,10) 
(73,83,93) (60,66,72) (17,20,23) (19,22,25) (68,73,78) (75,76,77) (54,59,64) (73,74,75) (21,23,25) (77,90,103) (47,53,59) (10,11,12) (43,43,43) (79,88,97) (74,76,78) (57,65,73) (43,44,45) (49,52,55) (23,25,27) (52,54,56) 
(76,78,80) (79,91,103) (41,41,41) (47,54,61) (58,68,78) (55,60,65) (86,94,102) (3,3,3) (36,38,40) (20,22,24) (33,33,33) (36,37,38) (68,76,84) (28,31,34) (24,24,24) (41,46,51) (18,20,22) (61,69,77) (49,53,57) (55,57,59) 
(68,80,92) (12,12,12) (40,46,52) (5,5,5) (17,20,23) (37,42,47) (58,66,74) (31,32,33) (42,43,44) (57,58,59) (56,63,70) (84,89,94) (46,54,62) (78,79,80) (26,28,30) (42,42,42) (89,90,91) (6,6,6) (66,66,66) (26,29,32) 
(63,63,63) (48,56,64) (41,43,45) (32,33,34) (9,10,11) (52,53,54) (2,2,2) (24,24,24) (6,6,6) (54,61,68) (12,14,16) (89,92,95) (23,27,31) (78,82,86) (57,63,69) (2,2,2) (27,27,27) (24,25,26) (45,51,57) (80,91,102) 
(22,23,24) (54,62,70) (40,44,48) (28,32,36) (61,69,77) (79,86,93) (21,24,27) (40,42,44) (28,31,34) (31,35,39) (21,24,27) (34,34,34) (12,12,12) (35,35,35) (51,51,51) (65,73,81) (5,5,5) (12,12,12) (51,52,53) (12,13,14) 
(46,53,60) (59,67,75) (91,91,91) (54,63,72) (91,97,103) (83,83,83) (46,51,56) (53,55,57) (14,14,14) (76,78,80) (16,17,18) (68,74,80) (9,9,9) (56,63,70) (22,22,22) (61,71,81) (38,41,44) (73,81,89) (46,54,62) (45,46,47) 
(24,28,32) (16,16,16) (12,12,12) (28,30,32) (95,97,99) (74,86,98) (8,9,10) (62,65,68) (48,51,54) (29,30,31) (13,15,17) (36,41,46) (78,91,104) (42,46,50) (18,18,18) (19,21,23) (84,89,94) (2,2,2) (67,77,87) (70,78,86) 
(80,91,102) (29,33,37) (82,84,86) (74,79,84) (4,4,4) (6,7,8) (43,49,55) (40,45,50) (8,9,10) (60,69,78) (75,86,97) (93,94,95) (90,90,90) (24,24,24) (18,21,24) (14,15,16) (38,38,38) (25,28,31) (25,26,27) (54,60,66) 
(84,94,104) (42,47,52) (85,96,107) (64,70,76) (48,51,54) (90,93,96) (61,64,67) (24,24,24) (40,45,50) (31,36,41) (59,62,65) (90,91,92) (16,18,20) (33,38,43) (41,47,53) (96,98,100) (46,51,56) (11,12,13) (25,26,27) (44,51,58) 
(50,50,50) (72,74,76) (32,34,36) (41,45,49) (30,33,36) (46,50,54) (67,69,71) (14,14,14) (82,89,96) (82,86,90) (49,57,65) (16,17,18) (73,80,87) (28,32,36) (69,72,75) (30,33,36) (49,51,53) (30,31,32) (39,43,47) (61,65,69) 
(14,14,14) (4,4,4) (19,22,25) (25,27,29) (50,58,66) (11,12,13) (80,92,104) (24,27,30) (23,24,25) (13,13,13) (8,8,8) (47,55,63) (64,66,68) (81,81,81) (11,12,13) (13,13,13) (57,57,57) (67,77,87) (24,25,26) (89,99,109) 
(85,99,113) (72,84,96) (67,72,77) (74,79,84) (63,72,81) (43,47,51) (43,47,51) (81,92,103) (49,49,49) (43,49,55) (40,43,46) (32,33,34) (27,30,33) (14,16,18) (32,35,38) (2,2,2) (47,47,47) (51,59,67) (42,44,46) (98,98,98) 
(1,1,1) (68,75,82) (2,2,2) (24,26,28) (19,20,21) (46,54,62) (55,63,71) (30,31,32) (44,44,44) (97,98,99) (72,73,74) (41,41,41) (46,52,58) (80,81,82) (28,30,32) (55,57,59) (22,25,28) (60,70,80) (51,58,65) (81,83,85) 
(19,21,23) (14,15,16) (53,60,67) (26,30,34) (47,50,53) (29,31,33) (15,17,19) (34,34,34) (15,15,15) (92,98,104) (70,77,84) (52,57,62) (58,58,58) (34,40,46) (18,21,24) (24,25,26) (37,41,45) (72,78,84) (40,44,48) (24,26,28) 
(13,14,15) (31,31,31) (82,86,90) (58,68,78) (65,69,73) (68,71,74) (38,44,50) (10,10,10) (67,76,85) (77,82,87) (54,54,54) (37,40,43) (46,46,46) (43,47,51) (38,42,46) (81,86,91) (56,62,68) (37,41,45) (25,27,29) (12,12,12) 
(18,18,18) (40,46,52) (21,22,23) (63,66,69) (5,5,5) (11,12,13) (23,27,31) (76,82,88) (24,24,24) (51,60,69) (9,10,11) (82,93,104) (47,54,61) (10,10,10) (53,60,67) (13,14,15) (14,16,18) (43,48,53) (17,18,19) (73,82,91) 
(84,84,84) (15,15,15) (54,59,64) (41,45,49) (61,63,65) (63,71,79) (83,86,89) (2,2,2) (38,42,46) (45,46,47) (34,39,44) (8,9,10) (7,7,7) (30,32,34) (70,78,86) (11,12,13) (71,78,85) (58,68,78) (70,77,84) (85,90,95) 
(31,33,35) (2,2,2) (31,35,39) (85,91,97) (47,49,51) (19,21,23) (28,29,30) (52,60,68) (77,88,99) (67,71,75) (14,14,14) (6,6,6) (35,40,45) (53,53,53) (2,2,2) (88,88,88) (36,38,40) (6,7,8) (40,43,46) (30,34,38) 
(16,16,16) (86,95,104) (2,2,2) (81,88,95) (45,45,45) (93,93,93) (67,77,87) (9,10,11) (66,71,76) (66,69,72) (32,33,34) (20,22,24) (51,54,57) (52,56,60) (28,31,34) (18,18,18) (61,63,65) (81,82,83) (85,98,111) (60,70,80) 
(13,15,17) (42,42,42) (44,44,44) (74,80,86) (14,15,16) (22,24,26) (75,76,77) (71,71,71) (33,38,43) (27,27,27) (43,48,53) (38,38,38) (69,73,77) (39,42,45) (8,8,8) (48,52,56) (20,20,20) (35,40,45) (48,51,54) (93,99,105) 
(44,46,48) (3,3,3) (77,82,87) (18,20,22) (1,1,1) (45,45,45) (77,79,81) (62,70,78) (44,46,48) (42,48,54) (60,63,66) (81,87,93) (40,47,54) (41,43,45) (1,1,1) (43,48,53) (60,65,70) (11,11,11) (24,25,26) (9,9,9) 
(12,12,12) (17,17,17) (51,55,59) (66,75,84) (48,56,64) (89,89,89) (6,6,6) (40,46,52) (19,22,25) (43,44,45) (2,2,2) (13,14,15) (34,36,38) (89,96,103) (6,6,6) (36,37,38) (54,62,70) (90,94,98) (71,77,83) (13,14,15) 
(36,37,38) (27,28,29) (15,16,17) (74,80,86) (10,10,10) (85,90,95) (5,5,5) (17,17,17) (28,28,28) (38,40,42) (74,76,78) (27,30,33) (52,52,52) (71,77,83) (14,15,16) (44,50,56) (86,99,112) (90,99,108) (62,64,66) (62,63,64) 
(80,88,96) (4,4,4) (26,26,26) (8,9,10) (79,81,83) (41,47,53) (71,82,93) (49,52,55) (57,65,73) (60,63,66) (37,37,37) (59,59,59) (69,78,87) (48,51,54) (71,75,79) (23,24,25) (75,77,79) (27,28,29) (86,97,108) (92,98,104) 
(77,79,81) (6,7,8) (25,25,25) (83,92,101) (7,8,9) (87,90,93) (72,82,92) (9,9,9) (50,53,56) (85,95,105) (47,51,55) (47,54,61) (25,29,33) (74,86,98) (7,7,7) (54,58,62) (58,66,74) (72,84,96) (41,42,43) (10,10,10) 
(5,5,5) (45,52,59) (64,70,76) (54,59,64) (9,10,11) (77,88,99) (55,56,57) (55,55,55) (72,73,74) (63,65,67) (59,66,73) (16,17,18) (5,5,5) (21,22,23) (34,40,46) (38,42,46) (1,1,1) (49,51,53) (86,95,104) (28,28,28) 
(28,30,32) (56,62,68) (42,46,50) (14,14,14) (58,62,66) (15,16,17) (24,24,24) (17,17,17) (66,70,74) (65,66,67) (52,57,62) (51,55,59) (78,79,80) (98,99,100) (27,27,27) (16,17,18) (67,75,83) (6,6,6) (12,14,16) (60,61,62) 
(70,71,72) (19,22,25) (63,68,73) (67,74,81) (35,39,43) (58,68,78) (25,28,31) (7,7,7) (62,67,72) (7,7,7) (88,92,96) (39,45,51) (65,67,69) (35,35,35) (68,70,72) (49,52,55) (65,65,65) (97,99,101) (18,21,24) (50,51,52) 
(5,5,5) (63,73,83) (10,10,10) (68,75,82) (16,16,16) (69,70,71) (36,39,42) (56,62,68) (65,65,65) (91,99,107) (52,57,62) (6,7,8) (53,54,55) (52,52,52) (45,47,49) (41,43,45) (1,1,1) (63,65,67) (80,88,96) (34,36,38) 
(26,30,34) (82,82,82) (75,82,89) (46,54,62) (91,94,97) (27,28,29) (72,75,78) (1,1,1) (77,84,91) (53,61,69) (17,17,17) (39,45,51) (68,72,76) (51,58,65) (70,78,86) (62,63,64) (47,50,53) (75,77,79) (7,8,9) (24,25,26) 
(17,17,17) (74,78,82) (18,20,22) (90,92,94) (51,57,63) (85,95,105) (24,25,26) (40,44,48) (7,8,9) (80,93,106) (18,21,24) (19,21,23) (43,47,51) (33,38,43) (33,33,33) (44,48,52) (38,39,40) (67,69,71) (13,15,17) (69,70,71) 
(2,2,2) (4,4,4) (39,44,49) (36,38,40) (91,93,95) (88,94,100) (84,93,102) (16,18,20) (36,38,40) (65,66,67) (36,38,40) (53,60,67) (78,87,96) (47,49,51) (51,52,53) (64,72,80) (12,12,12) (5,5,5) (21,21,21) (6,6,6) 
(58,63,68) (19,21,23) (19,21,23) (48,53,58) (68,79,90) (10,10,10) (12,13,14) (40,45,50) (60,63,66) (36,39,42) (37,38,39) (47,50,53) (80,80,80) (43,45,47) (84,84,84) (2,2,2) (29,29,29) (30,31,32) (24,27,30) (88,96,104) 
