NUMBER OF JOBS
100
NUMBER OF RESOURCES
20
RESOURCE SEQUENCE
1 0 11 9 19 8 6 14 17 13 15 7 10 2 5 18 4 12 16 3 
15 1 14 9 17 11 12 3 10 7 13 19 8 16 6 0 2 18 4 5 
14 9 2 0 3 6 18 8 16 19 7 12 5 4 10 15 1 13 11 17 
4 9 11 8 1 18 13 16 7 12 15 10 17 14 2 5 3 19 6 0 
17 9 18 14 2 0 10 7 16 11 6 4 19 8 12 13 15 1 3 5 
8 11 4 7 9 16 18 15 17 19 5 6 3 2 13 12 10 0 14 1 
11 1 16 3 10 0 5 6 17 18 15 7 19 13 4 12 2 14 9 8 
13 14 17 2 5 16 3 6 9 15 18 7 4 11 10 8 0 1 19 12 
11 9 7 16 10 18 13 12 17 6 0 4 15 5 2 1 19 8 3 14 
0 10 7 13 19 9 2 11 15 14 8 12 17 5 18 3 4 1 16 6 
17 2 15 8 12 9 18 16 13 7 6 19 5 1 3 10 4 0 11 14 
8 2 1 18 4 11 10 17 14 9 19 13 6 5 0 16 12 3 15 7 
2 12 16 5 9 14 18 10 1 7 17 4 13 8 6 0 3 15 19 11 
10 8 19 2 1 17 12 18 13 14 15 4 3 11 9 6 5 0 16 7 
18 15 19 9 7 1 12 3 2 11 17 16 10 0 5 4 13 6 8 14 
4 8 3 7 18 16 11 13 10 5 15 17 19 9 2 1 0 14 6 12 
7 1 17 0 3 14 15 18 8 13 19 2 6 16 9 12 11 4 5 10 
8 15 7 19 18 17 16 6 11 10 3 12 9 0 5 14 1 4 2 13 
19 7 17 6 1 4 0 8 3 11 9 12 10 2 15 14 16 5 13 18 
11 8 16 19 2 10 0 9 14 17 1 3 18 13 12 5 6 4 7 15 
5 11 18 2 10 15 16 8 12 1 0 14 19 4 7 6 13 17 3 9 
1 12 13 14 9 8 7 5 17 0 15 10 18 6 11 4 16 3 2 19 
13 2 14 17 6 10 11 0 4 7 5 18 16 19 1 15 8 9 3 12 
14 15 1 11 7 13 17 12 9 3 10 6 16 18 5 8 0 2 19 4 
15 12 3 13 18 5 14 19 17 1 7 16 9 2 11 0 10 4 8 6 
3 9 19 17 15 2 10 16 12 11 7 14 18 8 1 13 5 4 6 0 
12 18 8 10 9 13 19 16 4 1 3 15 11 5 14 6 0 7 2 17 
0 10 11 5 16 15 7 3 18 4 13 1 6 2 12 9 17 8 19 14 
9 7 0 3 4 15 13 17 2 6 10 19 11 5 12 1 14 8 18 16 
8 3 4 7 11 6 18 14 16 19 2 1 12 15 10 13 5 17 0 9 
11 14 1 15 2 10 4 16 3 9 5 12 18 7 17 8 19 0 6 13 
13 8 18 19 6 9 5 1 16 11 0 2 4 14 15 12 10 3 7 17 
0 14 6 19 1 3 16 18 10 2 9 8 11 15 7 4 5 13 17 12 
2 3 17 14 5 18 1 0 8 16 7 12 19 11 9 15 4 10 6 13 
18 9 16 3 2 11 4 5 0 12 10 15 6 8 14 7 17 19 1 13 
18 5 7 10 12 19 16 17 11 3 8 4 0 14 15 9 6 2 13 1 
17 7 12 4 15 6 18 5 2 16 11 19 8 10 3 1 13 9 0 14 
10 6 18 4 9 16 14 2 7 13 11 19 1 8 5 3 12 17 0 15 
3 1 18 5 17 4 2 10 7 14 19 0 13 12 16 9 15 11 6 8 
14 4 1 12 10 3 19 7 9 8 11 18 5 2 13 6 0 17 15 16 
11 3 1 0 7 12 16 19 14 4 15 5 10 2 17 9 13 8 18 6 
8 10 17 13 4 19 6 2 3 5 1 14 11 7 18 15 16 0 9 12 
10 15 9 7 16 13 8 5 2 17 0 12 14 19 6 18 1 4 11 3 
18 3 11 9 10 0 12 7 6 4 2 1 14 17 13 8 19 5 16 15 
10 12 17 1 11 9 15 6 19 2 16 18 14 13 5 7 3 8 4 0 
5 16 11 8 17 4 10 6 3 14 2 7 12 9 15 1 13 0 19 18 
10 11 1 16 0 3 7 19 14 17 9 4 18 8 15 12 13 5 6 2 
15 10 16 11 8 0 19 5 17 7 14 12 3 1 13 9 18 2 4 6 
19 2 9 12 6 11 5 16 10 15 8 7 4 13 3 1 18 17 0 14 
14 4 12 16 0 9 17 2 7 6 19 1 5 3 11 13 10 8 18 15 
7 0 9 13 4 11 2 10 19 1 14 3 8 5 6 12 15 18 16 17 
16 7 5 10 9 13 1 3 14 15 8 12 18 0 19 11 2 17 4 6 
11 3 14 2 6 9 7 19 8 15 10 12 13 18 5 16 1 0 17 4 
8 10 3 16 0 6 9 11 7 1 19 17 14 4 2 13 18 5 15 12 
19 11 7 12 3 16 14 6 8 10 15 0 9 13 18 17 5 4 1 2 
10 14 15 12 1 8 9 18 11 2 17 5 6 19 3 4 13 7 16 0 
3 8 13 12 18 15 4 7 6 16 5 9 19 2 10 11 14 0 1 17 
1 3 2 7 15 0 6 5 12 4 16 9 11 17 8 18 14 19 13 10 
15 18 8 5 3 4 10 14 16 7 2 19 9 13 12 0 11 6 1 17 
1 3 9 6 0 16 18 4 10 15 14 19 8 12 11 2 5 17 7 13 
17 3 19 13 12 1 6 16 9 10 7 18 11 8 5 2 15 0 4 14 
2 4 5 0 7 3 16 11 6 8 18 10 17 12 1 14 15 13 19 9 
14 5 8 3 11 15 4 13 16 1 7 12 19 9 6 2 10 0 17 18 
18 0 11 2 1 4 15 16 17 3 10 5 19 9 8 14 6 12 7 13 
9 0 15 13 12 18 14 6 10 7 16 1 11 5 8 2 19 4 17 3 
13 7 11 2 4 10 6 19 8 0 17 1 18 14 3 9 15 12 16 5 
7 9 12 11 3 2 18 13 10 1 14 16 8 6 0 4 17 5 19 15 
13 16 1 19 14 11 15 4 18 5 10 0 9 7 2 12 6 8 3 17 
15 10 12 13 5 17 2 6 11 0 3 1 7 19 8 14 16 4 9 18 
11 4 15 8 13 14 2 3 7 10 6 0 5 12 9 16 17 19 1 18 
10 9 11 19 12 7 18 6 8 14 16 0 2 3 1 5 15 17 13 4 
10 18 15 19 3 1 16 2 5 13 14 12 0 7 8 11 17 9 6 4 
18 10 2 6 7 1 4 5 0 17 15 3 11 9 14 16 12 13 8 19 
14 18 19 11 6 16 10 15 5 1 13 8 3 12 17 7 9 2 0 4 
1 14 2 18 6 3 0 4 11 12 19 13 17 16 8 5 9 7 15 10 
16 1 11 17 12 9 14 0 6 18 7 3 13 19 5 4 15 8 2 10 
4 3 0 8 12 2 16 18 14 17 15 6 5 11 10 13 19 7 9 1 
13 9 1 12 11 18 6 8 7 2 16 5 19 3 10 0 15 4 14 17 
11 19 0 12 5 18 10 17 9 2 3 6 7 16 1 13 14 4 15 8 
6 13 7 19 1 14 15 3 17 11 2 12 9 8 0 10 18 4 5 16 
4 7 13 9 5 6 0 15 17 14 10 19 11 2 16 8 18 1 3 12 
12 18 3 13 7 10 4 6 9 8 2 5 11 19 16 17 1 14 15 0 
18 15 11 7 10 14 6 16 3 2 0 4 13 9 1 8 19 5 12 17 
7 18 6 4 1 9 19 17 16 2 15 5 13 8 3 14 0 12 11 10 
7 0 11 14 9 2 10 3 4 1 13 8 17 16 15 19 5 18 6 12 
13 14 11 7 19 1 6 15 18 4 8 5 10 3 16 12 17 9 0 2 
2 6 10 8 11 15 13 5 19 18 7 12 9 1 14 3 0 17 16 4 
15 7 14 0 12 3 6 19 13 9 11 10 5 2 18 17 1 8 16 4 
19 4 15 13 11 7 0 3 14 6 12 17 2 16 18 1 5 9 10 8 
4 0 11 10 15 8 9 16 7 6 2 19 14 12 5 1 3 18 13 17 
1 2 10 4 7 14 9 11 19 18 8 5 12 0 16 3 15 17 13 6 
7 18 2 15 10 11 13 17 9 19 14 1 4 6 16 5 8 12 0 3 
7 8 14 15 1 10 16 3 13 0 6 2 5 17 9 4 19 18 11 12 
12 17 5 18 16 1 7 2 0 10 11 3 14 9 19 13 15 4 6 8 
17 10 19 4 3 8 1 5 14 12 9 2 13 18 11 16 6 0 7 15 
5 11 1 6 16 14 9 15 13 3 18 7 0 2 19 17 10 4 12 8 
1 3 13 17 14 19 11 6 8 10 16 12 15 7 0 9 18 5 2 4 
2 3 13 4 17 14 12 19 18 15 9 11 5 10 8 0 1 7 16 6 
12 14 11 5 1 6 16 9 18 13 0 10 17 3 15 4 7 19 2 8 
1 11 14 0 18 13 4 19 5 12 7 16 17 15 8 2 3 6 9 10 
PROCESSING TIMES
(81,91,101) (18,20,22) (58,60,62) (13,13,13) (48,54,60) (33,38,43) (66,69,72) (57,66,75) (68,78,88) (29,32,35) (43,47,51) (78,81,84) (82,96,110) (67,69,71) (67,74,81) (84,91,98) (68,73,78) (57,67,77) (76,89,102) (72,81,90) 
(62,64,66) (47,49,51) (88,88,88) (15,17,19) (30,30,30) (75,77,79) (94,97,100) (5,5,5) (78,87,96) (97,99,101) (19,22,25) (38,42,46) (45,50,55) (24,27,30) (19,19,19) (54,55,56) (72,77,82) (70,78,86) (17,20,23) (56,56,56) 
(56,62,68) (55,62,69) (5,5,5) (68,72,76) (88,96,104) (25,25,25) (51,57,63) (4,4,4) (35,36,37) (2,2,2) (44,51,58) (12,13,14) (77,80,83) (75,82,89) (48,49,50) (91,96,101) (24,27,30) (25,25,25) (82,83,84) (36,42,48) 
(81,84,87) (30,31,32) (2,2,2) (30,31,32) (15,15,15) (59,63,67) (17,19,21) (37,38,39) (64,75,86) (34,35,36) (46,52,58) (32,37,42) (84,91,98) (32,34,36) (6,7,8) (54,63,72) (6,7,8) (11,11,11) (42,45,48) (59,68,77) 
(14,15,16) (65,75,85) (82,88,94) (47,47,47) (58,61,64) (78,91,104) (7,7,7) (24,28,32) (7,8,9) (94,96,98) (4,4,4) (81,91,101) (21,22,23) (60,60,60) (47,55,63) (20,22,24) (32,36,40) (36,37,38) (40,43,46) (13,13,13) 
(2,2,2) (36,41,46) (25,28,31) (89,90,91) (13,14,15) (62,71,80) (65,71,77) (62,63,64) (90,90,90) (43,44,45) (84,87,90) (70,72,74) (27,31,35) (51,57,63) (40,42,44) (1,1,1) (6,6,6) (70,74,78) (25,27,29) (84,86,88) 
(63,65,67) (51,56,61) (73,77,81) (29,30,31) (23,24,25) (57,59,61) (13,13,13) (43,47,51) (51,56,61) (48,51,54) (49,55,61) (10,11,12) (69,74,79) (74,85,96) (43,46,49) (14,14,14) (55,57,59) (7,8,9) (31,36,41) (16,17,18) 
(39,40,41) (24,27,30) (62,70,78) (43,49,55) (96,97,98) (8,8,8) (19,20,21) (10,11,12) (75,78,81) (47,47,47) (59,69,79) (55,58,61) (35,35,35) (19,20,21) (48,52,56) (5,5,5) (51,56,61) (62,68,74) (38,44,50) (73,74,75) 
(12,13,14) (46,47,48) (69,69,69) (22,24,26) (80,89,98) (85,97,109) (48,51,54) (38,41,44) (27,29,31) (60,69,78) (56,60,64) (50,50,50) (83,83,83) (60,64,68) (83,86,89) (84,96,108) (54,58,62) (57,57,57) (54,60,66) (41,47,53) 
(21,23,25) (38,40,42) (79,84,89) (70,77,84) (58,60,62) (49,53,57) (47,48,49) (51,58,65) (14,14,14) (16,16,16) (18,20,22) (69,79,89) (75,88,101) (24,25,26) (27,29,31) (68,68,68) (3,3,3) (77,85,93) (47,49,51) (6,6,6) 
(13,14,15) (40,41,42) (10,11,12) (34,36,38) (60,62,64) (77,82,87) (52,55,58) (71,78,85) (39,39,39) (93,99,105) (93,93,93) (63,73,83) (88,93,98) (81,91,101) (32,36,40) (11,11,11) (75,78,81) (67,70,73) (69,70,71) (60,62,64) 
(81,84,87) (12,14,16) (33,38,43) (35,36,37) (59,68,77) (15,16,17) (84,92,100) (37,41,45) (4,4,4) (43,47,51) (49,50,51) (80,88,96) (81,92,103) (29,29,29) (23,23,23) (17,19,21) (10,10,10) (8,9,10) (22,24,26) (71,74,77) 
(89,93,97) (7,8,9) (32,35,38) (10,11,12) (76,82,88) (2,2,2) (40,41,42) (33,34,35) (21,22,23) (98,98,98) (69,72,75) (59,67,75) (87,98,109) (17,19,21) (16,16,16) (7,7,7) (70,82,94) (63,67,71) (22,24,26) (51,53,55) 
(77,84,91) (6,6,6) (63,73,83) (93,99,105) (68,69,70) (69,77,85) (25,25,25) (39,39,39) (25,27,29) (8,8,8) (65,67,69) (35,38,41) (53,62,71) (7,8,9) (34,35,36) (39,44,49) (42,45,48) (52,56,60) (46,46,46) (31,35,39) 
(26,26,26) (72,83,94) (13,13,13) (32,37,42) (67,71,75) (22,24,26) (18,20,22) (42,45,48) (33,33,33) (41,48,55) (75,75,75) (15,15,15) (29,29,29) (13,15,17) (38,44,50) (52,55,58) (1,1,1) (20,21,22) (59,67,75) (24,27,30) 
(92,98,104) (22,22,22) (94,97,100) (9,9,9) (52,55,58) (88,90,92) (51,51,51) (26,30,34) (45,48,51) (43,47,51) (45,48,51) (73,78,83) (19,20,21) (14,14,14) (18,21,24) (93,97,101) (66,69,72) (22,25,28) (49,55,61) (51,52,53) 
(42,44,46) (47,51,55) (7,7,7) (52,59,66) (48,48,48) (83,86,89) (29,30,31) (92,99,106) (48,51,54) (47,47,47) (1,1,1) (14,16,18) (68,75,82) (29,29,29) (60,64,68) (61,65,69) (85,94,103) (78,83,88) (52,61,70) (36,36,36) 
(23,23,23) (22,24,26) (51,60,69) (56,59,62) (69,77,85) (41,43,45) (18,20,22) (93,99,105) (24,28,32) (61,65,69) (78,85,92) (19,22,25) (93,94,95) (56,62,68) (21,24,27) (50,56,62) (65,75,85) (10,11,12) (41,48,55) (23,26,29) 
(77,88,99) (62,62,62) (67,75,83) (79,83,87) (68,71,74) (29,32,35) (6,6,6) (83,89,95) (44,44,44) (27,30,33) (10,10,10) (32,35,38) (68,78,88) (34,40,46) (46,48,50) (76,82,88) (71,77,83) (68,73,78) (18,19,20) (74,86,98) 
(88,92,96) (72,76,80) (49,53,57) (79,85,91) (42,46,50) (41,42,43) (30,34,38) (74,85,96) (47,53,59) (20,20,20) (22,24,26) (15,15,15) (25,26,27) (11,11,11) (25,28,31) (90,96,102) (44,49,54) (6,7,8) (29,33,37) (80,82,84) 
(27,31,35) (10,10,10) (18,19,20) (75,83,91) (10,10,10) (77,77,77) (91,95,99) (53,57,61) (46,49,52) (66,67,68) (29,34,39) (21,21,21) (24,27,30) (42,43,44) (51,56,61) (86,93,100) (41,47,53) (80,80,80) (24,28,32) (77,78,79) 
(47,55,63) (41,46,51) (32,33,34) (44,46,48) (46,50,54) (22,24,26) (63,66,69) (29,30,31) (85,88,91) (24,26,28) (77,79,81) (28,32,36) (65,67,69) (21,24,27) (19,20,21) (65,67,69) (4,4,4) (7,8,9) (4,4,4) (30,31,32) 
(13,15,17) (27,30,33) (82,96,110) (43,50,57) (64,73,82) (42,42,42) (50,56,62) (63,67,71) (14,16,18) (32,37,42) (28,28,28) (12,14,16) (12,12,12) (16,17,18) (12,12,12) (89,89,89) (79,90,101) (81,92,103) (83,92,101) (41,42,43) 
(85,98,111) (2,2,2) (61,61,61) (9,9,9) (44,48,52) (63,69,75) (64,65,66) (7,8,9) (79,82,85) (58,64,70) (56,61,66) (5,5,5) (21,21,21) (90,97,104) (55,63,71) (74,85,96) (16,18,20) (34,39,44) (84,91,98) (60,64,68) 
(70,70,70) (48,51,54) (79,89,99) (68,76,84) (70,77,84) (6,6,6) (22,22,22) (28,29,30) (5,5,5) (33,36,39) (53,54,55) (30,31,32) (6,6,6) (79,87,95) (76,84,92) (3,3,3) (5,5,5) (81,88,95) (30,35,40) (84,89,94) 
(50,56,62) (71,80,89) (14,14,14) (28,28,28) (12,14,16) (6,6,6) (6,6,6) (68,79,90) (83,84,85) (23,23,23) (65,76,87) (33,38,43) (26,28,30) (93,98,103) (96,98,100) (36,38,40) (57,57,57) (24,27,30) (54,62,70) (88,94,100) 
(90,92,94) (26,26,26) (22,24,26) (16,18,20) (27,30,33) (11,11,11) (54,62,70) (36,38,40) (52,52,52) (3,3,3) (74,86,98) (17,17,17) (2,2,2) (46,50,54) (84,87,90) (10,10,10) (34,37,40) (40,42,44) (28,30,32) (5,5,5) 
(43,48,53) (80,89,98) (98,99,100) (46,49,52) (52,54,56) (53,57,61) (31,32,33) (79,86,93) (68,75,82) (61,64,67) (92,99,106) (51,60,69) (63,71,79) (48,52,56) (71,74,77) (17,18,19) (12,13,14) (53,59,65) (23,26,29) (55,59,63) 
(25,26,27) (34,38,42) (89,98,107) (27,29,31) (28,29,30) (50,53,56) (49,50,51) (6,7,8) (72,81,90) (67,78,89) (85,85,85) (24,26,28) (27,27,27) (48,52,56) (6,7,8) (93,94,95) (74,86,98) (47,54,61) (47,51,55) (17,17,17) 
(92,95,98) (23,25,27) (62,71,80) (15,16,17) (58,64,70) (22,23,24) (71,77,83) (29,29,29) (89,90,91) (54,55,56) (75,83,91) (16,18,20) (39,42,45) (72,78,84) (33,33,33) (12,12,12) (28,28,28) (85,97,109) (57,61,65) (7,7,7) 
(1,1,1) (51,54,57) (38,42,46) (78,78,78) (15,15,15) (69,71,73) (68,69,70) (9,10,11) (67,67,67) (24,27,30) (82,82,82) (51,59,67) (85,93,101) (76,87,98) (52,55,58) (54,61,68) (61,70,79) (57,58,59) (75,86,97) (7,7,7) 
(36,42,48) (70,71,72) (84,94,104) (71,73,75) (54,58,62) (20,22,24) (36,42,48) (12,13,14) (54,56,58) (67,74,81) (12,12,12) (23,26,29) (68,70,72) (85,91,97) (66,68,70) (1,1,1) (2,2,2) (11,12,13) (78,91,104) (50,53,56) 
(60,67,74) (2,2,2) (60,68,76) (86,89,92) (4,4,4) (75,83,91) (54,63,72) (57,58,59) (46,46,46) (53,62,71) (91,99,107) (78,90,102) (80,91,102) (9,9,9) (80,83,86) (15,15,15) (76,83,90) (41,47,53) (90,95,100) (39,42,45) 
(81,87,93) (25,27,29) (6,7,8) (30,33,36) (89,92,95) (49,52,55) (78,82,86) (25,29,33) (77,88,99) (20,21,22) (41,45,49) (55,61,67) (33,34,35) (47,53,59) (25,26,27) (22,23,24) (68,69,70) (63,73,83) (77,87,97) (53,53,53) 
(45,46,47) (48,51,54) (56,57,58) (86,88,90) (66,71,76) (10,10,10) (8,9,10) (43,45,47) (82,90,98) (15,16,17) (53,55,57) (82,91,100) (57,65,73) (31,36,41) (19,19,19) (69,70,71) (80,92,104) (15,16,17) (65,76,87) (1,1,1) 
(40,43,46) (40,46,52) (60,63,66) (53,62,71) (64,72,80) (12,12,12) (87,98,109) (49,53,57) (52,57,62) (67,67,67) (39,45,51) (78,90,102) (79,83,87) (32,36,40) (54,54,54) (83,85,87) (25,29,33) (6,6,6) (36,36,36) (29,32,35) 
(28,28,28) (62,65,68) (7,7,7) (47,50,53) (1,1,1) (53,61,69) (49,56,63) (19,21,23) (38,39,40) (54,57,60) (37,43,49) (33,34,35) (53,57,61) (37,39,41) (21,22,23) (71,80,89) (86,88,90) (64,66,68) (89,90,91) (19,20,21) 
(10,10,10) (2,2,2) (11,11,11) (82,82,82) (48,56,64) (74,78,82) (73,75,77) (40,40,40) (29,34,39) (37,42,47) (51,51,51) (17,17,17) (53,62,71) (29,32,35) (75,88,101) (67,70,73) (47,50,53) (78,78,78) (36,39,42) (89,98,107) 
(7,8,9) (24,26,28) (10,11,12) (27,29,31) (93,99,105) (9,9,9) (51,58,65) (51,60,69) (45,52,59) (31,36,41) (13,14,15) (40,47,54) (67,70,73) (10,10,10) (1,1,1) (66,66,66) (47,51,55) (95,96,97) (37,41,45) (68,73,78) 
(74,75,76) (83,89,95) (81,92,103) (16,16,16) (47,52,57) (88,98,108) (20,21,22) (49,50,51) (61,61,61) (22,22,22) (78,78,78) (44,51,58) (68,70,72) (40,41,42) (39,39,39) (17,19,21) (89,91,93) (53,62,71) (40,46,52) (37,39,41) 
(50,52,54) (83,91,99) (22,24,26) (2,2,2) (38,43,48) (35,37,39) (11,11,11) (54,55,56) (49,51,53) (27,27,27) (26,28,30) (90,91,92) (43,45,47) (67,78,89) (26,29,32) (59,66,73) (81,87,93) (83,86,89) (14,16,18) (18,20,22) 
(2,2,2) (26,27,28) (76,80,84) (10,11,12) (17,19,21) (55,60,65) (52,58,64) (14,16,18) (32,34,36) (62,68,74) (79,89,99) (73,83,93) (5,5,5) (41,43,45) (62,70,78) (9,10,11) (56,65,74) (70,70,70) (12,12,12) (21,24,27) 
(90,96,102) (74,86,98) (47,48,49) (73,74,75) (10,10,10) (4,4,4) (51,55,59) (47,53,59) (50,56,62) (1,1,1) (50,52,54) (50,52,54) (78,86,94) (6,6,6) (61,65,69) (50,58,66) (71,80,89) (90,96,102) (38,38,38) (93,94,95) 
(63,68,73) (23,23,23) (46,50,54) (71,80,89) (80,83,86) (67,71,75) (30,33,36) (46,48,50) (24,28,32) (56,60,64) (67,76,85) (16,18,20) (32,32,32) (56,65,74) (32,33,34) (96,98,100) (25,28,31) (87,92,97) (85,95,105) (11,11,11) 
(64,74,84) (75,79,83) (35,40,45) (50,53,56) (24,24,24) (26,30,34) (45,52,59) (23,26,29) (84,90,96) (50,53,56) (46,50,54) (85,91,97) (62,70,78) (83,90,97) (30,31,32) (34,35,36) (59,66,73) (84,90,96) (1,1,1) (19,21,23) 
(45,45,45) (16,17,18) (69,81,93) (85,97,109) (76,81,86) (59,67,75) (82,82,82) (22,24,26) (26,27,28) (50,52,54) (59,59,59) (48,55,62) (67,74,81) (23,25,27) (54,58,62) (62,62,62) (28,29,30) (88,88,88) (90,97,104) (80,80,80) 
(1,1,1) (22,24,26) (11,11,11) (78,88,98) (68,77,86) (55,64,73) (23,27,31) (13,13,13) (47,52,57) (48,49,50) (18,19,20) (56,62,68) (10,10,10) (42,42,42) (89,97,105) (44,49,54) (73,76,79) (58,59,60) (36,36,36) (37,43,49) 
(90,92,94) (76,82,88) (18,21,24) (67,70,73) (83,89,95) (23,26,29) (23,24,25) (1,1,1) (20,22,24) (11,12,13) (6,6,6) (31,34,37) (83,88,93) (28,28,28) (54,54,54) (8,8,8) (72,74,76) (39,41,43) (1,1,1) (74,74,74) 
(25,29,33) (7,7,7) (69,78,87) (84,90,96) (68,78,88) (89,94,99) (7,7,7) (52,53,54) (7,8,9) (79,92,105) (18,18,18) (52,59,66) (57,59,61) (92,96,100) (49,52,55) (64,69,74) (64,64,64) (66,76,86) (75,82,89) (36,36,36) 
(17,18,19) (60,64,68) (75,86,97) (71,82,93) (6,6,6) (2,2,2) (72,82,92) (40,46,52) (20,22,24) (13,13,13) (89,92,95) (37,38,39) (62,72,82) (39,45,51) (60,66,72) (48,48,48) (9,10,11) (90,94,98) (74,83,92) (5,5,5) 
(23,27,31) (30,30,30) (94,99,104) (70,72,74) (16,17,18) (66,69,72) (57,59,61) (3,3,3) (91,93,95) (4,4,4) (28,30,32) (17,18,19) (33,36,39) (62,65,68) (92,93,94) (34,37,40) (9,10,11) (45,45,45) (12,14,16) (84,98,112) 
(9,9,9) (66,66,66) (32,33,34) (30,35,40) (25,25,25) (41,44,47) (13,13,13) (7,8,9) (43,47,51) (80,80,80) (91,99,107) (23,23,23) (59,59,59) (2,2,2) (77,89,101) (14,16,18) (28,30,32) (42,45,48) (3,3,3) (51,55,59) 
(68,74,80) (6,7,8) (3,3,3) (91,96,101) (9,9,9) (38,44,50) (14,15,16) (14,16,18) (94,98,102) (18,19,20) (8,8,8) (1,1,1) (78,87,96) (8,9,10) (45,48,51) (76,76,76) (26,26,26) (57,63,69) (46,52,58) (11,12,13) 
(80,90,100) (39,39,39) (54,58,62) (27,30,33) (35,35,35) (70,80,90) (62,69,76) (7,7,7) (69,70,71) (48,52,56) (81,88,95) (49,56,63) (8,8,8) (12,12,12) (4,4,4) (46,48,50) (50,57,64) (33,34,35) (68,70,72) (12,13,14) 
(91,91,91) (37,39,41) (82,86,90) (45,47,49) (54,61,68) (18,19,20) (68,72,76) (62,63,64) (42,44,46) (85,95,105) (50,52,54) (55,61,67) (6,7,8) (91,94,97) (77,77,77) (52,58,64) (11,11,11) (20,21,22) (51,54,57) (74,80,86) 
(12,14,16) (55,62,69) (12,13,14) (73,84,95) (13,15,17) (19,19,19) (61,70,79) (28,32,36) (56,57,58) (38,38,38) (77,90,103) (33,37,41) (29,31,33) (64,64,64) (19,20,21) (12,12,12) (9,9,9) (73,75,77) (82,90,98) (15,15,15) 
(44,48,52) (13,13,13) (5,5,5) (13,13,13) (18,19,20) (76,87,98) (70,80,90) (6,6,6) (54,54,54) (39,41,43) (55,56,57) (10,10,10) (64,64,64) (25,26,27) (33,33,33) (10,11,12) (20,20,20) (29,32,35) (21,24,27) (26,27,28) 
(62,65,68) (85,89,93) (39,39,39) (67,77,87) (16,18,20) (42,42,42) (39,45,51) (75,83,91) (53,54,55) (59,63,67) (80,82,84) (45,50,55) (8,9,10) (72,72,72) (45,46,47) (48,51,54) (34,36,38) (24,27,30) (8,9,10) (42,48,54) 
(33,34,35) (82,85,88) (2,2,2) (27,29,31) (16,17,18) (52,60,68) (69,69,69) (55,55,55) (29,34,39) (12,12,12) (15,17,19) (55,60,65) (1,1,1) (59,63,67) (61,62,63) (12,14,16) (71,76,81) (2,2,2) (77,85,93) (8,9,10) 
(13,13,13) (39,44,49) (96,98,100) (16,16,16) (62,63,64) (31,31,31) (67,73,79) (65,75,85) (27,31,35) (43,46,49) (75,85,95) (78,79,80) (59,67,75) (6,6,6) (22,25,28) (36,40,44) (36,39,42) (16,16,16) (52,60,68) (56,64,72) 
(20,23,26) (94,94,94) (53,55,57) (24,25,26) (86,93,100) (26,30,34) (95,95,95) (55,56,57) (1,1,1) (3,3,3) (77,77,77) (1,1,1) (48,52,56) (51,52,53) (21,21,21) (5,5,5) (1,1,1) (9,9,9) (20,23,26) (70,78,86) 
(9,10,11) (67,68,69) (49,56,63) (65,72,79) (57,63,69) (77,80,83) (82,91,100) (80,80,80) (22,22,22) (70,70,70) (35,39,43) (38,38,38) (52,57,62) (79,79,79) (54,60,66) (19,19,19) (85,95,105) (33,35,37) (40,41,42) (3,3,3) 
(51,55,59) (49,50,51) (2,2,2) (65,69,73) (43,44,45) (18,19,20) (63,70,77) (71,71,71) (48,53,58) (95,98,101) (63,65,67) (4,4,4) (45,46,47) (93,94,95) (47,48,49) (79,86,93) (6,6,6) (29,34,39) (83,97,111) (41,45,49) 
(77,85,93) (34,38,42) (26,27,28) (83,93,103) (77,81,85) (15,17,19) (12,14,16) (74,78,82) (83,89,95) (78,90,102) (90,97,104) (92,97,102) (12,12,12) (26,28,30) (62,72,82) (91,93,95) (16,18,20) (82,90,98) (51,53,55) (21,23,25) 
(71,83,95) (10,11,12) (93,94,95) (41,44,47) (69,80,91) (83,94,105) (23,24,25) (59,65,71) (19,22,25) (65,74,83) (54,62,70) (53,58,63) (84,86,88) (48,49,50) (92,94,96) (29,29,29) (67,75,83) (13,13,13) (26,26,26) (79,82,85) 
(29,31,33) (76,76,76) (9,9,9) (15,16,17) (25,28,31) (80,88,96) (96,97,98) (39,43,47) (14,14,14) (85,89,93) (37,38,39) (65,66,67) (61,62,63) (7,8,9) (36,41,46) (79,81,83) (38,38,38) (15,16,17) (26,26,26) (14,16,18) 
(45,51,57) (1,1,1) (79,80,81) (62,63,64) (1,1,1) (57,61,65) (91,98,105) (58,58,58) (40,47,54) (13,15,17) (79,83,87) (16,16,16) (50,50,50) (34,36,38) (13,13,13) (44,46,48) (85,97,109) (80,87,94) (3,3,3) (48,50,52) 
(87,98,109) (59,65,71) (19,22,25) (27,31,35) (36,38,40) (45,45,45) (66,72,78) (71,72,73) (34,37,40) (54,63,72) (33,37,41) (45,50,55) (6,6,6) (30,30,30) (10,11,12) (33,34,35) (40,46,52) (33,34,35) (35,37,39) (74,82,90) 
(30,31,32) (19,19,19) (26,30,34) (79,80,81) (21,24,27) (64,74,84) (61,67,73) (36,39,42) (33,35,37) (71,79,87) (42,42,42) (24,24,24) (41,45,49) (5,5,5) (12,13,14) (44,44,44) (82,93,104) (31,33,35) (30,34,38) (26,28,30) 
(19,19,19) (4,4,4) (45,52,59) (82,82,82) (36,42,48) (63,71,79) (17,19,21) (40,47,54) (17,17,17) (66,67,68) (38,38,38) (20,23,26) (74,79,84) (82,95,108) (21,21,21) (52,56,60) (19,19,19) (52,52,52) (25,25,25) (61,68,75) 
(58,58,58) (32,37,42) (44,46,48) (4,4,4) (70,73,76) (79,86,93) (8,8,8) (51,51,51) (41,46,51) (34,38,42) (32,33,34) (29,34,39) (85,89,93) (82,90,98) (73,73,73) (78,81,84) (32,37,42) (44,50,56) (77,80,83) (55,63,71) 
(67,74,81) (23,26,29) (66,75,84) (37,40,43) (25,29,33) (75,79,83) (74,83,92) (36,40,44) (30,35,40) (52,53,54) (54,57,60) (99,99,99) (57,57,57) (83,94,105) (92,99,106) (52,53,54) (85,93,101) (65,75,85) (26,29,32) (79,79,79) 
(34,39,44) (20,21,22) (51,51,51) (84,92,100) (88,92,96) (35,36,37) (71,73,75) (49,53,57) (57,62,67) (92,97,102) (55,62,69) (17,17,17) (68,80,92) (27,29,31) (78,86,94) (77,89,101) (26,26,26) (25,29,33) (9,9,9) (80,83,86) 
(81,89,97) (86,88,90) (8,9,10) (56,63,70) (61,64,67) (79,85,91) (92,95,98) (74,87,100) (39,44,49) (13,15,17) (21,23,25) (10,10,10) (83,93,103) (63,67,71) (60,69,78) (12,13,14) (30,35,40) (61,71,81) (50,51,52) (84,90,96) 
(49,53,57) (64,72,80) (43,49,55) (10,11,12) (46,52,58) (53,61,69) (36,36,36) (99,99,99) (48,49,50) (71,83,95) (9,10,11) (32,32,32) (35,39,43) (37,39,41) (78,86,94) (12,13,14) (49,54,59) (81,91,101) (6,6,6) (47,51,55) 
(72,77,82) (57,59,61) (79,83,87) (49,50,51) (77,88,99) (7,8,9) (9,9,9) (57,58,59) (40,45,50) (22,25,28) (10,11,12) (34,34,34) (61,68,75) (30,35,40) (25,26,27) (41,48,55) (1,1,1) (48,48,48) (12,12,12) (53,56,59) 
(22,24,26) (53,60,67) (18,20,22) (16,16,16) (64,65,66) (61,66,71) (45,47,49) (37,43,49) (57,63,69) (8,9,10) (12,14,16) (67,70,73) (41,46,51) (31,32,33) (51,54,57) (16,17,18) (80,85,90) (6,6,6) (12,12,12) (10,11,12) 
(82,89,96) (17,19,21) (22,25,28) (53,62,71) (65,72,79) (20,21,22) (31,32,33) (53,56,59) (52,61,70) (23,23,23) (33,33,33) (60,66,72) (64,65,66) (10,10,10) (23,27,31) (38,39,40) (41,46,51) (27,31,35) (20,23,26) (23,24,25) 
(14,15,16) (86,99,112) (13,14,15) (31,33,35) (71,81,91) (39,39,39) (43,49,55) (90,96,102) (30,31,32) (56,62,68) (34,40,46) (50,54,58) (53,53,53) (78,91,104) (83,87,91) (36,36,36) (72,79,86) (25,27,29) (2,2,2) (32,34,36) 
(35,41,47) (13,15,17) (26,27,28) (90,90,90) (90,91,92) (2,2,2) (68,69,70) (89,89,89) (26,30,34) (66,67,68) (35,37,39) (21,22,23) (70,79,88) (67,78,89) (64,73,82) (70,71,72) (61,67,73) (46,48,50) (9,10,11) (46,54,62) 
(58,61,64) (2,2,2) (25,27,29) (17,20,23) (75,75,75) (2,2,2) (58,58,58) (34,36,38) (49,54,59) (42,46,50) (85,85,85) (23,27,31) (55,63,71) (40,42,44) (80,88,96) (69,75,81) (27,30,33) (41,46,51) (18,19,20) (12,12,12) 
(19,19,19) (51,59,67) (69,73,77) (86,90,94) (17,20,23) (27,27,27) (32,36,40) (15,16,17) (53,53,53) (64,68,72) (10,10,10) (55,59,63) (75,83,91) (21,22,23) (6,6,6) (83,91,99) (20,22,24) (69,74,79) (92,99,106) (60,61,62) 
(85,97,109) (81,85,89) (28,29,30) (18,20,22) (85,99,113) (27,29,31) (48,49,50) (74,86,98) (82,96,110) (72,83,94) (12,14,16) (94,95,96) (15,17,19) (42,45,48) (56,65,74) (43,48,53) (60,64,68) (8,9,10) (26,26,26) (35,36,37) 
(54,59,64) (49,54,59) (75,77,79) (88,99,110) (86,90,94) (55,61,67) (64,65,66) (50,58,66) (36,42,48) (81,86,91) (59,64,69) (3,3,3) (49,55,61) (69,79,89) (80,88,96) (12,13,14) (57,63,69) (62,66,70) (77,83,89) (77,85,93) 
(86,92,98) (28,29,30) (55,62,69) (78,81,84) (70,81,92) (85,97,109) (90,96,102) (63,66,69) (71,81,91) (74,75,76) (93,93,93) (48,51,54) (67,73,79) (70,76,82) (30,33,36) (33,34,35) (86,95,104) (4,4,4) (55,59,63) (68,69,70) 
(18,18,18) (51,59,67) (13,15,17) (52,56,60) (82,85,88) (31,32,33) (62,68,74) (66,70,74) (23,24,25) (48,53,58) (12,12,12) (67,69,71) (35,35,35) (77,89,101) (6,6,6) (35,41,47) (78,87,96) (41,41,41) (85,85,85) (48,51,54) 
(4,4,4) (65,70,75) (76,84,92) (79,80,81) (17,17,17) (38,43,48) (50,50,50) (15,17,19) (50,50,50) (63,66,69) (22,24,26) (15,15,15) (83,90,97) (82,83,84) (40,45,50) (14,15,16) (68,72,76) (25,26,27) (84,89,94) (74,83,92) 
(13,13,13) (51,52,53) (77,88,99) (51,54,57) (44,50,56) (56,59,62) (48,51,54) (31,36,41) (82,87,92) (88,98,108) (24,26,28) (56,56,56) (86,89,92) (37,38,39) (48,48,48) (58,58,58) (3,3,3) (67,72,77) (9,10,11) (69,81,93) 
(63,63,63) (25,29,33) (55,64,73) (49,50,51) (10,11,12) (36,38,40) (18,19,20) (7,7,7) (52,59,66) (39,40,41) (51,56,61) (5,5,5) (55,59,63) (80,83,86) (44,46,48) (38,41,44) (84,90,96) (4,4,4) (24,24,24) (32,34,36) 
(9,9,9) (82,82,82) (65,69,73) (14,14,14) (68,77,86) (39,39,39) (25,27,29) (90,98,106) (7,8,9) (46,53,60) (14,15,16) (1,1,1) (65,68,71) (55,56,57) (66,72,78) (60,61,62) (43,49,55) (34,35,36) (59,67,75) (18,21,24) 
(78,84,90) (35,41,47) (74,78,82) (52,53,54) (82,82,82) (28,32,36) (48,51,54) (26,27,28) (54,56,58) (4,4,4) (19,19,19) (40,41,42) (71,80,89) (31,33,35) (69,71,73) (17,18,19) (13,13,13) (3,3,3) (39,43,47) (83,95,107) 
(66,68,70) (52,59,66) (64,67,70) (23,24,25) (2,2,2) (62,69,76) (42,45,48) (75,85,95) (44,51,58) (40,46,52) (81,86,91) (11,11,11) (2,2,2) (84,97,110) (46,53,60) (43,44,45) (62,64,66) (29,33,37) (29,32,35) (48,53,58) 
(21,24,27) (86,97,108) (11,11,11) (68,69,70) (6,6,6) (12,12,12) (81,84,87) (29,32,35) (1,1,1) (84,90,96) (30,32,34) (84,98,112) (71,79,87) (34,36,38) (51,56,61) (1,1,1) (17,17,17) (79,84,89) (72,80,88) (59,64,69) 
(47,47,47) (60,64,68) (15,16,17) (64,64,64) (68,69,70) (15,16,17) (44,45,46) (56,62,68) (15,16,17) (5,5,5) (26,26,26) (69,70,71) (48,48,48) (54,58,62) (67,75,83) (12,13,14) (11,11,11) (47,47,47) (43,50,57) (27,29,31) 
(66,72,78) (46,51,56) (14,16,18) (29,32,35) (43,43,43) (56,61,66) (11,11,11) (1,1,1) (71,74,77) (15,17,19) (15,15,15) (72,72,72) (84,87,90) (76,81,86) (26,26,26) (26,26,26) (63,74,85) (30,30,30) (68,79,90) (40,40,40) 
(54,59,64) (69,69,69) (96,98,100) (54,60,66) (66,73,80) (37,37,37) (32,35,38) (42,47,52) (15,17,19) (91,93,95) (83,83,83) (26,27,28) (91,95,99) (75,77,79) (61,67,73) (29,30,31) (69,78,87) (26,26,26) (41,45,49) (47,55,63) 
(41,42,43) (90,93,96) (85,88,91) (81,89,97) (27,31,35) (87,89,91) (51,59,67) (81,86,91) (24,28,32) (21,23,25) (4,4,4) (71,72,73) (40,43,46) (27,28,29) (46,52,58) (17,18,19) (58,60,62) (86,91,96) (77,86,95) (6,6,6) 
(82,84,86) (7,8,9) (75,84,93) (65,67,69) (75,84,93) (10,11,12) (76,89,102) (34,38,42) (11,12,13) (68,74,80) (12,14,16) (49,50,51) (77,83,89) (40,42,44) (75,77,79) (76,88,100) (57,58,59) (51,58,65) (8,8,8) (17,17,17) 
(26,28,30) (14,15,16) (85,97,109) (29,31,33) (15,15,15) (33,35,37) (8,9,10) (54,59,64) (48,50,52) (95,98,101) (76,86,96) (6,6,6) (48,49,50) (24,24,24) (82,89,96) (50,56,62) (76,85,94) (12,14,16) (67,78,89) (20,20,20) 
(46,51,56) (23,25,27) (53,56,59) (61,67,73) (49,51,53) (42,44,46) (80,80,80) (63,66,69) (23,23,23) (74,74,74) (12,12,12) (47,52,57) (12,13,14) (4,4,4) (36,36,36) (64,69,74) (5,5,5) (20,21,22) (52,57,62) (73,79,85) 
