NUMBER OF JOBS
100
NUMBER OF RESOURCES
20
RESOURCE SEQUENCE
10 17 18 2 0 19 15 5 4 9 14 1 13 3 7 16 8 11 12 6 
6 10 0 3 17 9 19 5 4 12 14 18 7 8 15 11 13 2 16 1 
5 1 15 4 13 11 9 6 19 8 0 12 10 17 16 2 18 3 14 7 
10 19 14 0 2 12 13 4 11 5 8 15 7 16 1 6 9 3 18 17 
12 14 16 1 11 4 7 13 15 8 18 17 9 10 2 6 19 5 0 3 
13 14 10 11 1 2 15 4 3 6 17 19 18 12 16 0 8 5 9 7 
1 10 16 7 3 2 12 17 5 6 18 9 15 0 11 13 8 4 14 19 
9 13 10 14 4 12 2 18 0 11 7 3 19 1 17 8 16 5 6 15 
2 3 6 15 13 5 11 18 4 7 0 10 9 17 12 1 14 19 8 16 
0 5 15 3 18 7 14 9 16 19 2 6 11 12 13 4 1 8 10 17 
14 18 13 2 8 10 19 15 9 3 1 17 5 4 16 12 6 11 7 0 
11 16 15 4 9 10 7 5 2 8 13 14 12 6 19 1 0 18 3 17 
8 19 5 12 10 15 3 4 13 9 17 1 16 2 14 0 6 11 18 7 
5 10 14 7 3 13 16 11 15 6 17 12 4 8 1 0 9 18 19 2 
2 3 15 14 19 7 11 4 16 10 17 9 12 1 5 8 0 6 18 13 
18 12 9 17 14 2 3 16 15 7 13 4 0 8 11 19 1 6 5 10 
16 12 4 18 3 17 7 2 13 5 9 19 14 10 0 8 11 1 6 15 
6 7 8 15 2 3 11 18 0 4 9 17 19 13 12 10 16 1 14 5 
8 6 17 12 15 5 0 3 16 7 9 13 10 4 14 11 1 18 19 2 
9 5 0 6 3 11 13 15 1 7 14 2 17 8 16 18 12 19 4 10 
15 7 6 9 18 3 0 19 16 10 12 11 4 2 8 14 17 1 13 5 
9 11 10 3 13 17 2 0 12 8 1 6 4 7 19 15 16 14 18 5 
9 18 14 19 0 8 11 10 12 3 7 16 17 5 15 1 6 4 2 13 
0 11 2 1 12 5 14 4 16 10 17 9 3 8 13 7 15 6 19 18 
9 7 0 2 1 11 3 14 19 12 13 4 17 18 10 6 5 15 8 16 
16 15 18 9 8 4 13 6 12 10 11 3 5 0 1 17 19 2 14 7 
19 10 5 3 2 0 13 18 8 4 6 7 15 9 17 14 16 1 11 12 
3 19 16 8 4 17 11 2 10 13 7 15 1 6 0 18 5 14 9 12 
4 7 16 11 9 6 14 3 18 10 19 0 13 1 2 8 15 12 5 17 
10 15 14 4 8 18 3 13 17 5 12 7 6 2 9 11 19 16 1 0 
15 7 4 14 1 17 0 9 18 2 10 16 8 19 11 5 12 6 13 3 
17 13 8 9 10 5 19 0 14 6 2 12 11 18 16 3 15 7 1 4 
9 8 7 15 1 2 18 5 4 3 19 0 6 17 14 13 11 10 12 16 
10 19 1 6 4 13 12 0 11 14 5 9 2 7 3 8 18 15 17 16 
8 19 4 18 12 11 14 2 10 0 16 9 1 6 5 17 7 13 15 3 
19 4 11 0 16 12 18 3 15 1 14 2 6 9 10 5 7 17 13 8 
19 13 4 0 9 10 3 8 14 18 1 2 15 17 12 6 5 16 7 11 
5 1 12 3 0 14 7 9 18 2 19 4 6 13 17 15 8 16 11 10 
10 12 0 17 16 5 9 14 19 8 6 13 4 1 15 2 7 3 11 18 
8 2 18 9 6 4 11 0 5 10 17 16 3 19 7 14 13 12 1 15 
5 12 19 7 9 14 15 10 0 16 13 18 3 8 17 4 6 1 11 2 
4 18 7 12 17 13 19 0 9 8 3 5 2 10 6 14 15 11 1 16 
19 13 6 7 9 18 15 5 16 11 0 17 1 12 3 8 2 4 10 14 
0 19 14 2 13 12 3 15 17 7 4 11 9 10 1 8 6 18 16 5 
2 7 10 0 12 16 1 13 9 8 19 15 14 17 4 3 6 18 11 5 
7 15 11 6 18 13 2 12 10 19 17 5 16 14 4 3 9 1 8 0 
11 7 19 5 1 15 13 17 2 0 9 8 6 12 3 10 16 4 18 14 
12 13 2 3 15 7 11 8 0 19 5 18 1 6 16 17 4 14 9 10 
15 0 2 19 13 9 14 11 4 10 7 16 8 17 5 3 18 12 1 6 
4 10 9 0 5 11 14 3 13 8 17 1 18 15 12 7 6 2 19 16 
3 6 5 0 15 2 13 1 11 4 19 9 18 17 16 8 10 7 12 14 
7 14 16 19 11 12 15 6 8 18 5 0 4 13 17 9 10 2 1 3 
7 15 8 18 13 17 14 10 19 9 1 5 2 0 4 12 6 11 16 3 
7 13 4 3 0 10 12 1 16 19 6 14 2 15 8 17 5 18 11 9 
18 2 14 11 6 9 5 12 1 10 13 0 4 17 3 8 7 16 19 15 
10 4 9 1 19 17 18 7 12 6 15 3 2 13 16 5 0 11 14 8 
9 2 5 15 12 17 18 1 8 10 11 0 4 14 19 3 6 13 16 7 
3 15 9 19 11 17 10 6 8 16 4 13 2 12 14 1 5 0 7 18 
19 15 18 5 17 14 16 1 9 0 6 12 3 10 13 11 7 4 8 2 
11 5 12 7 4 1 17 18 8 15 10 2 9 3 14 6 0 19 16 13 
15 17 18 1 3 6 19 14 16 13 9 11 0 5 4 2 12 10 7 8 
5 17 2 13 4 19 18 1 12 16 10 11 8 6 7 3 0 14 9 15 
12 7 16 9 6 8 18 14 5 17 4 13 19 11 10 0 2 1 15 3 
19 2 7 3 8 16 9 18 1 10 11 5 12 0 6 14 13 17 4 15 
5 7 3 12 14 8 1 19 17 11 9 18 2 0 10 16 4 6 13 15 
12 3 0 9 15 6 8 16 17 19 7 14 10 18 11 13 5 2 1 4 
16 8 18 3 13 9 10 6 4 11 5 12 17 14 7 19 0 2 15 1 
13 0 3 14 6 5 8 11 4 9 12 7 18 16 17 1 10 19 2 15 
14 13 18 1 11 8 2 6 15 12 5 19 17 3 16 4 9 10 7 0 
19 15 5 10 12 13 0 3 6 11 16 9 17 8 1 14 2 7 4 18 
15 11 12 19 1 7 13 6 17 18 10 14 0 9 16 5 8 2 3 4 
4 16 9 6 13 0 7 18 10 17 8 15 19 3 2 14 5 12 11 1 
3 12 4 0 10 2 7 1 17 15 6 11 19 8 5 9 13 16 14 18 
8 0 16 2 19 4 5 6 15 9 7 1 12 13 17 11 3 14 10 18 
10 17 18 7 3 14 5 2 0 1 6 4 19 9 8 16 15 12 11 13 
5 3 2 9 1 8 11 13 0 14 10 12 16 7 4 6 18 17 15 19 
13 0 14 6 11 12 5 7 18 10 9 19 17 4 16 3 1 2 15 8 
8 2 6 7 19 11 9 13 10 4 14 18 3 5 15 12 1 0 17 16 
5 18 14 3 0 15 11 9 6 2 1 4 8 12 17 13 10 19 7 16 
6 18 15 16 9 13 1 14 3 17 19 0 12 5 8 2 4 11 10 7 
0 17 6 12 11 16 18 5 9 8 13 2 3 7 15 4 14 10 1 19 
16 9 2 14 1 15 17 7 3 5 4 11 6 18 8 19 10 13 12 0 
4 10 0 14 2 11 1 3 12 9 18 6 15 13 7 8 19 5 17 16 
17 14 10 4 9 2 3 15 11 0 16 1 5 7 13 8 6 18 19 12 
17 11 0 7 13 10 4 16 15 9 1 3 5 6 12 19 18 2 8 14 
3 11 10 19 7 15 6 9 17 13 16 8 2 14 4 18 1 12 5 0 
15 12 18 7 13 11 2 14 5 16 3 17 9 1 6 4 0 19 10 8 
13 17 14 18 5 8 16 11 3 7 15 2 9 1 12 4 0 10 19 6 
7 4 3 1 18 12 2 13 9 14 8 5 6 16 11 19 0 15 17 10 
2 19 11 6 17 15 0 13 7 8 10 3 12 16 4 9 5 14 1 18 
8 3 17 16 1 14 2 0 4 9 7 18 13 12 10 5 6 15 19 11 
17 13 7 12 18 8 14 6 3 2 16 9 11 5 10 0 19 15 1 4 
15 12 5 19 11 8 6 0 16 9 14 2 10 1 3 4 17 18 7 13 
11 2 6 5 19 3 18 8 0 7 10 12 15 14 1 16 4 17 13 9 
1 4 16 14 13 7 9 2 8 5 3 6 15 10 11 0 12 17 18 19 
5 0 3 9 2 17 19 6 14 18 10 15 4 13 8 1 7 11 12 16 
12 6 3 8 16 13 0 1 18 9 11 15 5 2 4 17 10 19 14 7 
9 4 10 8 14 0 12 17 18 19 11 7 13 1 16 2 5 6 15 3 
2 7 15 5 9 6 8 4 12 0 3 16 11 14 19 13 18 1 10 17 
1 3 12 15 8 6 13 7 5 14 18 4 9 19 11 10 2 17 16 0 
PROCESSING TIMES
(56,63,70) (78,84,90) (3,3,3) (51,53,55) (1,1,1) (33,35,37) (18,20,22) (37,43,49) (42,43,44) (73,85,97) (20,23,26) (19,21,23) (9,10,11) (74,77,80) (71,83,95) (26,27,28) (32,35,38) (17,18,19) (41,44,47) (34,39,44) 
(83,97,111) (42,48,54) (61,63,65) (73,76,79) (18,18,18) (8,9,10) (74,75,76) (35,36,37) (70,72,74) (72,79,86) (97,99,101) (80,94,108) (42,46,50) (14,16,18) (30,33,36) (42,42,42) (63,65,67) (92,98,104) (27,30,33) (44,50,56) 
(64,64,64) (44,48,52) (83,93,103) (44,47,50) (74,81,88) (31,31,31) (48,54,60) (87,89,91) (19,22,25) (58,63,68) (56,58,60) (23,25,27) (62,64,66) (78,82,86) (55,61,67) (63,64,65) (38,38,38) (15,17,19) (26,27,28) (68,70,72) 
(31,32,33) (71,72,73) (39,42,45) (71,83,95) (2,2,2) (32,33,34) (25,29,33) (87,90,93) (31,35,39) (78,91,104) (24,26,28) (79,85,91) (66,72,78) (17,19,21) (85,95,105) (5,5,5) (37,39,41) (69,75,81) (73,83,93) (64,70,76) 
(79,90,101) (71,76,81) (27,27,27) (84,88,92) (51,59,67) (90,95,100) (44,51,58) (19,22,25) (78,79,80) (27,30,33) (10,10,10) (90,91,92) (63,74,85) (4,4,4) (32,36,40) (87,98,109) (52,54,56) (31,33,35) (2,2,2) (22,22,22) 
(63,71,79) (89,99,109) (22,22,22) (60,64,68) (26,30,34) (10,11,12) (93,94,95) (14,14,14) (81,83,85) (45,47,49) (47,48,49) (39,45,51) (35,39,43) (7,7,7) (31,32,33) (2,2,2) (86,93,100) (39,40,41) (14,14,14) (44,48,52) 
(76,80,84) (45,46,47) (4,4,4) (42,45,48) (62,64,66) (19,19,19) (78,85,92) (36,39,42) (73,78,83) (56,62,68) (59,69,79) (61,65,69) (71,82,93) (69,75,81) (39,40,41) (15,15,15) (59,68,77) (10,11,12) (42,44,46) (3,3,3) 
(92,95,98) (80,89,98) (87,98,109) (66,75,84) (27,27,27) (71,74,77) (19,20,21) (49,57,65) (51,53,55) (94,94,94) (15,17,19) (73,78,83) (21,21,21) (95,99,103) (29,31,33) (91,99,107) (79,86,93) (17,20,23) (79,80,81) (74,86,98) 
(21,21,21) (52,52,52) (50,56,62) (20,22,24) (17,19,21) (78,84,90) (89,96,103) (54,57,60) (27,31,35) (37,39,41) (13,13,13) (6,6,6) (58,58,58) (30,32,34) (40,41,42) (41,47,53) (12,13,14) (30,30,30) (40,44,48) (69,80,91) 
(64,71,78) (30,31,32) (16,17,18) (48,53,58) (82,85,88) (44,48,52) (51,52,53) (30,34,38) (39,39,39) (84,84,84) (2,2,2) (28,31,34) (50,57,64) (54,63,72) (1,1,1) (54,57,60) (28,30,32) (61,61,61) (65,72,79) (17,17,17) 
(13,14,15) (95,98,101) (39,44,49) (10,10,10) (51,53,55) (68,72,76) (62,65,68) (45,49,53) (21,21,21) (79,84,89) (94,94,94) (85,99,113) (58,61,64) (57,64,71) (26,29,32) (97,98,99) (53,55,57) (68,71,74) (43,43,43) (62,64,66) 
(14,14,14) (65,74,83) (50,57,64) (79,81,83) (35,40,45) (6,7,8) (77,85,93) (29,32,35) (32,35,38) (34,34,34) (37,41,45) (70,79,88) (80,80,80) (1,1,1) (95,95,95) (23,25,27) (40,43,46) (17,19,21) (91,98,105) (46,48,50) 
(40,42,44) (61,71,81) (8,9,10) (23,26,29) (3,3,3) (3,3,3) (29,31,33) (3,3,3) (39,40,41) (21,21,21) (64,69,74) (89,89,89) (90,94,98) (83,94,105) (53,59,65) (8,9,10) (71,71,71) (52,53,54) (39,45,51) (71,75,79) 
(64,72,80) (83,86,89) (20,22,24) (61,71,81) (21,22,23) (8,8,8) (65,73,81) (15,15,15) (90,90,90) (37,40,43) (1,1,1) (4,4,4) (76,81,86) (10,10,10) (76,83,90) (28,32,36) (78,89,100) (4,4,4) (51,53,55) (33,38,43) 
(48,52,56) (42,45,48) (43,43,43) (8,9,10) (90,90,90) (34,40,46) (25,26,27) (45,52,59) (21,22,23) (8,9,10) (30,34,38) (87,94,101) (69,69,69) (24,28,32) (29,29,29) (60,62,64) (63,63,63) (89,99,109) (83,97,111) (13,14,15) 
(75,81,87) (45,50,55) (8,9,10) (25,27,29) (91,91,91) (52,53,54) (88,93,98) (60,64,68) (23,23,23) (42,42,42) (67,77,87) (47,50,53) (77,84,91) (13,13,13) (85,90,95) (78,84,90) (77,81,85) (53,60,67) (88,92,96) (69,72,75) 
(74,87,100) (4,4,4) (50,56,62) (39,40,41) (52,55,58) (26,29,32) (30,31,32) (26,29,32) (39,39,39) (37,38,39) (89,94,99) (37,40,43) (83,88,93) (1,1,1) (3,3,3) (46,46,46) (32,36,40) (40,44,48) (91,92,93) (32,34,36) 
(58,62,66) (86,95,104) (65,69,73) (25,29,33) (45,45,45) (77,77,77) (30,34,38) (51,59,67) (86,90,94) (74,83,92) (79,83,87) (65,72,79) (92,98,104) (46,53,60) (79,84,89) (85,94,103) (62,71,80) (49,49,49) (15,17,19) (24,28,32) 
(59,66,73) (21,24,27) (66,74,82) (63,73,83) (68,77,86) (66,75,84) (66,66,66) (12,14,16) (20,21,22) (8,8,8) (1,1,1) (35,39,43) (71,76,81) (14,14,14) (64,70,76) (19,20,21) (18,20,22) (58,66,74) (20,23,26) (71,74,77) 
(50,54,58) (32,35,38) (54,58,62) (66,72,78) (84,98,112) (60,62,64) (65,68,71) (79,87,95) (19,21,23) (61,67,73) (9,9,9) (11,12,13) (39,45,51) (32,36,40) (43,43,43) (3,3,3) (25,28,31) (24,24,24) (67,70,73) (43,45,47) 
(70,78,86) (26,28,30) (53,60,67) (62,69,76) (76,87,98) (33,34,35) (61,70,79) (2,2,2) (83,83,83) (87,94,101) (20,22,24) (62,62,62) (37,37,37) (46,48,50) (18,20,22) (5,5,5) (13,13,13) (74,75,76) (35,40,45) (27,27,27) 
(84,92,100) (75,78,81) (76,84,92) (90,97,104) (68,77,86) (84,84,84) (51,58,65) (84,85,86) (34,40,46) (49,56,63) (53,55,57) (59,63,67) (39,43,47) (33,36,39) (50,52,54) (42,43,44) (2,2,2) (9,9,9) (68,74,80) (78,80,82) 
(46,53,60) (82,85,88) (70,79,88) (74,79,84) (26,26,26) (4,4,4) (17,19,21) (11,11,11) (10,11,12) (63,71,79) (6,6,6) (57,67,77) (23,26,29) (3,3,3) (9,10,11) (74,74,74) (53,60,67) (73,77,81) (29,34,39) (34,40,46) 
(23,23,23) (29,34,39) (1,1,1) (78,83,88) (90,95,100) (19,19,19) (44,44,44) (35,40,45) (19,22,25) (52,58,64) (70,72,74) (16,18,20) (23,23,23) (16,16,16) (83,91,99) (34,37,40) (25,25,25) (4,4,4) (79,92,105) (87,90,93) 
(85,93,101) (26,28,30) (47,48,49) (28,30,32) (78,90,102) (20,23,26) (63,73,83) (18,21,24) (27,29,31) (22,23,24) (44,44,44) (88,94,100) (25,28,31) (72,81,90) (48,53,58) (87,87,87) (64,68,72) (1,1,1) (36,39,42) (46,46,46) 
(85,90,95) (53,58,63) (6,7,8) (80,86,92) (75,88,101) (61,64,67) (8,9,10) (70,78,86) (71,74,77) (42,42,42) (80,93,106) (13,15,17) (32,32,32) (75,77,79) (36,42,48) (23,27,31) (9,9,9) (3,3,3) (66,69,72) (16,16,16) 
(42,44,46) (60,60,60) (19,21,23) (75,87,99) (61,65,69) (8,8,8) (65,65,65) (37,42,47) (27,31,35) (39,43,47) (48,50,52) (47,54,61) (39,41,43) (78,79,80) (68,80,92) (86,89,92) (17,18,19) (44,45,46) (55,57,59) (16,17,18) 
(50,53,56) (82,89,96) (53,59,65) (61,68,75) (58,58,58) (55,58,61) (71,74,77) (43,46,49) (52,54,56) (70,76,82) (61,66,71) (3,3,3) (76,79,82) (70,75,80) (12,13,14) (75,85,95) (48,52,56) (26,27,28) (56,61,66) (2,2,2) 
(68,74,80) (25,28,31) (25,29,33) (76,82,88) (3,3,3) (29,31,33) (66,73,80) (42,47,52) (15,16,17) (53,54,55) (59,63,67) (27,27,27) (10,11,12) (71,79,87) (35,41,47) (65,65,65) (69,76,83) (61,61,61) (40,43,46) (24,28,32) 
(3,3,3) (18,18,18) (41,48,55) (17,20,23) (60,65,70) (41,42,43) (53,55,57) (35,40,45) (15,17,19) (12,12,12) (8,9,10) (30,32,34) (64,70,76) (26,26,26) (44,44,44) (33,33,33) (74,82,90) (6,6,6) (32,37,42) (3,3,3) 
(73,78,83) (31,33,35) (60,61,62) (76,81,86) (18,18,18) (65,75,85) (15,16,17) (29,31,33) (23,24,25) (1,1,1) (32,36,40) (88,88,88) (56,57,58) (36,37,38) (7,7,7) (65,76,87) (40,40,40) (71,79,87) (67,67,67) (17,19,21) 
(18,20,22) (32,36,40) (64,67,70) (57,64,71) (45,51,57) (55,56,57) (25,29,33) (15,15,15) (42,49,56) (71,72,73) (77,87,97) (74,77,80) (5,5,5) (72,78,84) (29,32,35) (16,18,20) (71,83,95) (51,53,55) (76,84,92) (15,15,15) 
(48,55,62) (91,94,97) (73,78,83) (83,85,87) (19,21,23) (5,5,5) (15,17,19) (89,96,103) (17,19,21) (64,72,80) (2,2,2) (60,62,64) (17,18,19) (20,23,26) (63,64,65) (63,63,63) (77,90,103) (48,52,56) (8,9,10) (14,16,18) 
(81,82,83) (20,20,20) (50,50,50) (19,21,23) (51,57,63) (9,9,9) (46,49,52) (5,5,5) (13,14,15) (65,71,77) (40,47,54) (32,35,38) (8,8,8) (86,92,98) (69,73,77) (57,67,77) (58,66,74) (88,93,98) (43,48,53) (59,65,71) 
(78,82,86) (35,40,45) (14,14,14) (49,51,53) (85,86,87) (7,8,9) (23,25,27) (75,76,77) (40,41,42) (10,10,10) (59,60,61) (94,96,98) (63,68,73) (8,8,8) (72,79,86) (17,18,19) (68,75,82) (33,35,37) (30,31,32) (12,14,16) 
(40,45,50) (2,2,2) (81,94,107) (4,4,4) (26,27,28) (71,72,73) (66,76,86) (58,62,66) (8,9,10) (13,14,15) (6,7,8) (65,69,73) (41,48,55) (70,79,88) (52,52,52) (4,4,4) (48,55,62) (68,75,82) (56,62,68) (93,93,93) 
(12,13,14) (54,63,72) (71,75,79) (59,67,75) (26,26,26) (58,59,60) (70,81,92) (55,55,55) (59,66,73) (28,28,28) (47,49,51) (15,16,17) (65,69,73) (3,3,3) (12,13,14) (63,72,81) (68,76,84) (92,96,100) (59,63,67) (33,38,43) 
(35,36,37) (77,83,89) (3,3,3) (10,10,10) (45,47,49) (58,65,72) (26,26,26) (60,62,64) (45,45,45) (52,55,58) (71,73,75) (29,30,31) (86,86,86) (46,53,60) (57,60,63) (40,41,42) (54,54,54) (29,33,37) (35,40,45) (20,20,20) 
(59,61,63) (24,28,32) (48,53,58) (68,79,90) (59,62,65) (81,87,93) (44,44,44) (19,21,23) (20,22,24) (59,67,75) (7,8,9) (45,52,59) (41,43,45) (8,8,8) (80,84,88) (23,26,29) (75,86,97) (53,62,71) (10,11,12) (68,74,80) 
(12,14,16) (1,1,1) (29,30,31) (74,74,74) (2,2,2) (87,87,87) (29,31,33) (83,84,85) (38,42,46) (10,11,12) (89,90,91) (39,42,45) (30,34,38) (14,14,14) (12,13,14) (67,75,83) (47,50,53) (60,61,62) (10,10,10) (76,76,76) 
(22,22,22) (50,58,66) (37,38,39) (14,14,14) (94,96,98) (67,76,85) (26,27,28) (14,16,18) (59,69,79) (46,49,52) (34,35,36) (85,93,101) (44,48,52) (38,43,48) (59,62,65) (33,34,35) (43,44,45) (49,51,53) (86,86,86) (46,50,54) 
(37,37,37) (46,48,50) (74,87,100) (71,78,85) (6,6,6) (69,77,85) (91,98,105) (63,66,69) (29,33,37) (67,73,79) (65,67,69) (28,29,30) (71,77,83) (81,95,109) (37,40,43) (21,23,25) (60,69,78) (1,1,1) (25,27,29) (7,8,9) 
(57,64,71) (76,87,98) (48,50,52) (52,60,68) (46,50,54) (11,12,13) (33,33,33) (45,45,45) (14,16,18) (52,55,58) (75,88,101) (86,88,90) (25,25,25) (32,33,34) (14,15,16) (2,2,2) (38,44,50) (67,75,83) (58,61,64) (64,67,70) 
(18,20,22) (88,95,102) (23,27,31) (61,69,77) (11,11,11) (23,23,23) (34,34,34) (8,8,8) (64,64,64) (58,63,68) (65,73,81) (56,58,60) (32,33,34) (23,26,29) (80,84,88) (4,4,4) (72,82,92) (33,35,37) (27,30,33) (45,51,57) 
(42,42,42) (54,63,72) (65,68,71) (91,93,95) (42,46,50) (57,60,63) (36,40,44) (3,3,3) (68,73,78) (75,87,99) (50,52,54) (62,70,78) (33,35,37) (90,92,94) (17,19,21) (34,40,46) (42,48,54) (38,41,44) (65,70,75) (12,13,14) 
(50,53,56) (49,55,61) (30,32,34) (58,60,62) (39,40,41) (14,16,18) (5,5,5) (50,53,56) (62,68,74) (43,43,43) (62,67,72) (51,60,69) (34,38,42) (22,23,24) (2,2,2) (59,67,75) (42,42,42) (23,25,27) (78,80,82) (1,1,1) 
(81,84,87) (98,99,100) (68,77,86) (47,51,55) (21,23,25) (71,77,83) (73,73,73) (1,1,1) (62,65,68) (36,36,36) (81,88,95) (11,11,11) (73,80,87) (81,85,89) (45,51,57) (23,26,29) (5,5,5) (71,83,95) (17,20,23) (60,60,60) 
(19,21,23) (12,12,12) (89,94,99) (7,8,9) (13,14,15) (34,34,34) (4,4,4) (53,58,63) (54,60,66) (49,51,53) (45,45,45) (94,95,96) (18,21,24) (90,92,94) (84,90,96) (67,77,87) (13,13,13) (48,51,54) (82,94,106) (32,33,34) 
(67,75,83) (73,85,97) (75,81,87) (76,81,86) (90,92,94) (96,96,96) (83,86,89) (88,91,94) (92,97,102) (12,12,12) (13,15,17) (11,11,11) (75,84,93) (25,27,29) (29,33,37) (1,1,1) (82,87,92) (53,55,57) (32,32,32) (7,8,9) 
(17,20,23) (69,71,73) (56,64,72) (82,85,88) (47,49,51) (6,6,6) (49,52,55) (79,85,91) (15,15,15) (41,47,53) (5,5,5) (21,23,25) (40,40,40) (43,46,49) (45,48,51) (75,87,99) (80,92,104) (47,54,61) (71,83,95) (2,2,2) 
(66,74,82) (30,32,34) (15,15,15) (91,93,95) (12,14,16) (35,41,47) (87,97,107) (83,83,83) (25,29,33) (89,93,97) (27,30,33) (85,98,111) (15,15,15) (46,48,50) (30,31,32) (36,40,44) (35,36,37) (52,53,54) (26,26,26) (92,99,106) 
(54,59,64) (61,66,71) (27,28,29) (26,26,26) (60,65,70) (84,95,106) (54,54,54) (20,23,26) (22,25,28) (3,3,3) (81,84,87) (72,72,72) (53,56,59) (80,94,108) (91,92,93) (14,15,16) (40,41,42) (25,27,29) (42,46,50) (52,52,52) 
(91,99,107) (7,7,7) (33,33,33) (78,90,102) (71,82,93) (15,16,17) (75,81,87) (75,80,85) (69,75,81) (82,92,102) (88,93,98) (49,49,49) (12,14,16) (15,16,17) (43,49,55) (84,88,92) (48,51,54) (49,50,51) (10,11,12) (30,34,38) 
(41,43,45) (35,35,35) (91,91,91) (81,90,99) (30,34,38) (63,70,77) (19,22,25) (26,26,26) (51,55,59) (31,34,37) (55,55,55) (30,34,38) (61,68,75) (93,99,105) (24,24,24) (36,40,44) (23,25,27) (53,60,67) (13,13,13) (80,82,84) 
(65,68,71) (41,48,55) (62,64,66) (73,76,79) (13,15,17) (23,23,23) (59,62,65) (25,26,27) (37,39,41) (46,52,58) (6,6,6) (44,47,50) (37,39,41) (80,81,82) (45,47,49) (88,98,108) (24,25,26) (53,58,63) (59,67,75) (45,46,47) 
(17,17,17) (31,35,39) (83,85,87) (15,15,15) (80,85,90) (43,46,49) (5,5,5) (65,73,81) (56,63,70) (87,97,107) (18,21,24) (29,34,39) (58,59,60) (2,2,2) (56,64,72) (76,88,100) (22,22,22) (17,17,17) (40,47,54) (69,77,85) 
(76,81,86) (60,60,60) (16,17,18) (25,25,25) (44,46,48) (77,80,83) (14,15,16) (30,31,32) (54,60,66) (26,28,30) (41,41,41) (32,35,38) (17,20,23) (71,81,91) (40,40,40) (48,51,54) (14,14,14) (35,36,37) (30,30,30) (72,75,78) 
(21,21,21) (82,93,104) (89,89,89) (14,15,16) (7,8,9) (88,92,96) (18,19,20) (18,19,20) (45,45,45) (40,46,52) (87,97,107) (6,6,6) (42,42,42) (52,60,68) (9,10,11) (36,37,38) (91,97,103) (2,2,2) (50,51,52) (50,56,62) 
(52,60,68) (81,82,83) (92,95,98) (86,92,98) (2,2,2) (73,78,83) (78,86,94) (57,66,75) (81,92,103) (89,93,97) (38,39,40) (54,58,62) (53,57,61) (6,6,6) (16,18,20) (98,98,98) (52,52,52) (71,83,95) (35,36,37) (51,60,69) 
(51,55,59) (87,94,101) (91,93,95) (57,65,73) (31,33,35) (20,22,24) (34,38,42) (43,45,47) (16,18,20) (7,7,7) (47,49,51) (79,81,83) (16,16,16) (2,2,2) (61,67,73) (7,8,9) (29,34,39) (46,49,52) (61,69,77) (35,35,35) 
(25,28,31) (2,2,2) (67,78,89) (48,54,60) (13,14,15) (45,47,49) (62,71,80) (63,72,81) (45,51,57) (83,83,83) (23,24,25) (13,13,13) (10,11,12) (18,21,24) (71,71,71) (77,78,79) (68,68,68) (78,84,90) (46,47,48) (7,7,7) 
(16,17,18) (73,85,97) (84,94,104) (88,95,102) (11,11,11) (51,58,65) (68,75,82) (63,70,77) (62,64,66) (14,16,18) (73,73,73) (22,22,22) (17,17,17) (41,45,49) (74,74,74) (75,83,91) (72,72,72) (12,13,14) (47,47,47) (71,79,87) 
(39,42,45) (37,37,37) (67,72,77) (16,16,16) (50,53,56) (5,5,5) (61,62,63) (80,88,96) (32,35,38) (85,85,85) (52,58,64) (56,58,60) (7,7,7) (78,81,84) (87,88,89) (73,74,75) (68,75,82) (58,67,76) (61,71,81) (53,58,63) 
(35,39,43) (5,5,5) (81,92,103) (66,68,70) (30,34,38) (87,92,97) (15,17,19) (30,33,36) (9,9,9) (51,55,59) (42,49,56) (45,49,53) (12,12,12) (23,24,25) (85,92,99) (60,70,80) (40,41,42) (33,37,41) (14,15,16) (21,22,23) 
(69,75,81) (29,34,39) (62,69,76) (48,48,48) (6,7,8) (14,16,18) (24,27,30) (67,71,75) (10,11,12) (42,48,54) (3,3,3) (35,39,43) (85,98,111) (2,2,2) (36,39,42) (2,2,2) (11,11,11) (66,68,70) (73,75,77) (49,49,49) 
(79,88,97) (16,16,16) (64,66,68) (33,34,35) (2,2,2) (5,5,5) (69,73,77) (25,25,25) (94,98,102) (53,57,61) (41,46,51) (83,91,99) (81,82,83) (46,51,56) (1,1,1) (40,41,42) (54,57,60) (65,67,69) (28,28,28) (66,67,68) 
(33,37,41) (41,46,51) (1,1,1) (85,87,89) (55,55,55) (23,25,27) (42,43,44) (9,10,11) (24,27,30) (6,6,6) (89,91,93) (2,2,2) (49,50,51) (88,94,100) (1,1,1) (43,47,51) (79,79,79) (21,24,27) (56,64,72) (11,11,11) 
(32,32,32) (24,24,24) (80,84,88) (13,13,13) (11,11,11) (86,98,110) (68,74,80) (81,84,87) (72,82,92) (89,99,109) (4,4,4) (87,98,109) (57,65,73) (7,7,7) (87,88,89) (23,25,27) (67,68,69) (86,93,100) (63,73,83) (29,32,35) 
(38,42,46) (76,76,76) (39,43,47) (24,24,24) (80,92,104) (39,40,41) (34,36,38) (47,52,57) (57,59,61) (61,63,65) (13,15,17) (54,54,54) (61,70,79) (75,86,97) (44,48,52) (57,62,67) (19,20,21) (44,49,54) (15,15,15) (15,15,15) 
(38,42,46) (28,31,34) (80,80,80) (38,43,48) (73,80,87) (21,23,25) (82,89,96) (57,59,61) (17,19,21) (54,54,54) (13,15,17) (16,18,20) (79,89,99) (40,47,54) (37,38,39) (21,21,21) (86,87,88) (59,66,73) (71,76,81) (53,62,71) 
(53,54,55) (50,53,56) (19,19,19) (55,55,55) (83,83,83) (65,72,79) (13,13,13) (71,83,95) (51,54,57) (27,28,29) (20,22,24) (86,89,92) (13,13,13) (66,73,80) (21,24,27) (12,12,12) (70,82,94) (15,15,15) (71,78,85) (93,94,95) 
(18,18,18) (3,3,3) (73,84,95) (78,89,100) (85,89,93) (65,73,81) (5,5,5) (52,57,62) (33,38,43) (8,9,10) (71,77,83) (15,17,19) (13,14,15) (29,32,35) (25,28,31) (13,15,17) (33,33,33) (45,48,51) (49,49,49) (40,40,40) 
(42,48,54) (31,33,35) (77,79,81) (38,42,46) (22,25,28) (8,9,10) (25,25,25) (1,1,1) (43,50,57) (51,55,59) (96,97,98) (87,96,105) (18,18,18) (24,25,26) (24,24,24) (71,77,83) (22,24,26) (49,52,55) (33,37,41) (87,88,89) 
(49,57,65) (46,50,54) (58,64,70) (77,89,101) (10,10,10) (69,80,91) (62,63,64) (6,6,6) (31,32,33) (31,34,37) (34,34,34) (58,68,78) (5,5,5) (68,76,84) (74,77,80) (80,86,92) (65,67,69) (65,76,87) (72,81,90) (44,51,58) 
(68,75,82) (87,91,95) (87,97,107) (13,14,15) (54,62,70) (36,40,44) (38,43,48) (14,16,18) (91,93,95) (52,55,58) (4,4,4) (23,25,27) (25,29,33) (40,45,50) (73,83,93) (41,46,51) (27,31,35) (13,13,13) (57,57,57) (67,68,69) 
(55,64,73) (68,75,82) (35,35,35) (63,71,79) (36,38,40) (49,54,59) (32,36,40) (64,71,78) (59,66,73) (66,72,78) (54,58,62) (20,20,20) (64,67,70) (68,69,70) (41,46,51) (58,68,78) (88,93,98) (39,39,39) (43,48,53) (67,77,87) 
(52,59,66) (34,34,34) (6,6,6) (68,76,84) (12,13,14) (57,59,61) (81,95,109) (78,78,78) (64,66,68) (88,92,96) (80,89,98) (68,77,86) (60,66,72) (16,16,16) (7,7,7) (69,75,81) (92,97,102) (6,7,8) (74,81,88) (12,13,14) 
(9,10,11) (36,38,40) (26,29,32) (37,38,39) (26,27,28) (7,8,9) (56,59,62) (60,60,60) (31,36,41) (80,86,92) (34,39,44) (17,19,21) (72,84,96) (45,50,55) (61,65,69) (55,58,61) (58,62,66) (61,71,81) (22,22,22) (6,6,6) 
(6,6,6) (32,32,32) (35,38,41) (53,53,53) (59,59,59) (29,33,37) (5,5,5) (36,37,38) (76,85,94) (29,33,37) (40,47,54) (65,70,75) (6,6,6) (30,32,34) (75,86,97) (24,26,28) (33,36,39) (56,64,72) (78,78,78) (14,16,18) 
(56,60,64) (4,4,4) (43,44,45) (12,14,16) (39,45,51) (77,83,89) (7,7,7) (64,75,86) (83,86,89) (88,88,88) (23,25,27) (78,85,92) (94,99,104) (69,80,91) (44,50,56) (86,91,96) (14,14,14) (86,87,88) (72,73,74) (72,72,72) 
(81,92,103) (25,25,25) (87,93,99) (29,30,31) (8,9,10) (74,86,98) (69,79,89) (70,71,72) (5,5,5) (43,47,51) (58,61,64) (70,78,86) (65,76,87) (67,71,75) (92,98,104) (29,34,39) (23,23,23) (82,82,82) (50,53,56) (19,21,23) 
(82,91,100) (81,81,81) (61,70,79) (31,36,41) (90,96,102) (21,23,25) (51,55,59) (84,93,102) (77,86,95) (14,15,16) (19,19,19) (18,18,18) (57,66,75) (41,44,47) (55,58,61) (53,62,71) (54,54,54) (70,79,88) (11,11,11) (49,49,49) 
(58,62,66) (77,77,77) (8,9,10) (4,4,4) (72,80,88) (24,25,26) (15,16,17) (85,95,105) (28,30,32) (53,57,61) (39,40,41) (70,81,92) (3,3,3) (27,28,29) (43,45,47) (53,59,65) (80,94,108) (29,31,33) (89,91,93) (47,55,63) 
(73,85,97) (20,23,26) (68,78,88) (68,68,68) (53,59,65) (8,9,10) (61,71,81) (83,92,101) (47,50,53) (34,38,42) (35,35,35) (31,31,31) (83,91,99) (52,57,62) (68,70,72) (53,60,67) (70,73,76) (36,39,42) (74,76,78) (52,60,68) 
(52,61,70) (72,77,82) (20,22,24) (39,43,47) (58,66,74) (43,47,51) (46,53,60) (88,97,106) (86,91,96) (59,64,69) (84,93,102) (43,46,49) (19,20,21) (81,90,99) (56,58,60) (31,36,41) (86,98,110) (66,70,74) (47,49,51) (81,92,103) 
(35,35,35) (56,56,56) (42,45,48) (14,15,16) (73,79,85) (59,66,73) (53,55,57) (1,1,1) (80,89,98) (27,29,31) (97,98,99) (31,31,31) (39,45,51) (46,51,56) (77,83,89) (7,7,7) (72,76,80) (5,5,5) (72,78,84) (73,77,81) 
(8,8,8) (52,58,64) (24,24,24) (60,62,64) (76,77,78) (33,38,43) (8,9,10) (6,6,6) (79,88,97) (23,23,23) (9,9,9) (12,12,12) (9,9,9) (59,65,71) (67,68,69) (57,57,57) (33,38,43) (15,15,15) (87,98,109) (55,55,55) 
(91,96,101) (26,28,30) (52,52,52) (84,91,98) (9,9,9) (13,15,17) (41,44,47) (65,69,73) (94,99,104) (14,15,16) (58,65,72) (9,9,9) (27,27,27) (49,56,63) (66,70,74) (35,39,43) (20,21,22) (56,59,62) (2,2,2) (13,15,17) 
(92,98,104) (75,84,93) (41,44,47) (10,10,10) (81,84,87) (75,78,81) (19,19,19) (80,80,80) (26,28,30) (17,19,21) (50,58,66) (76,76,76) (43,49,55) (75,88,101) (41,42,43) (71,78,85) (73,78,83) (85,91,97) (80,83,86) (25,29,33) 
(18,18,18) (37,40,43) (19,21,23) (8,8,8) (30,31,32) (52,56,60) (52,56,60) (76,78,80) (43,45,47) (31,31,31) (79,79,79) (45,47,49) (71,73,75) (59,66,73) (27,27,27) (91,98,105) (67,73,79) (69,79,89) (64,74,84) (7,8,9) 
(91,95,99) (2,2,2) (40,41,42) (42,46,50) (19,19,19) (31,35,39) (40,41,42) (72,82,92) (67,77,87) (3,3,3) (49,52,55) (13,15,17) (12,12,12) (3,3,3) (30,30,30) (93,93,93) (84,96,108) (64,68,72) (70,73,76) (64,67,70) 
(89,92,95) (58,60,62) (40,45,50) (61,65,69) (5,5,5) (79,81,83) (19,21,23) (2,2,2) (70,71,72) (51,57,63) (16,18,20) (2,2,2) (58,60,62) (36,41,46) (41,43,45) (34,36,38) (67,75,83) (50,55,60) (70,79,88) (33,38,43) 
(30,35,40) (6,6,6) (5,5,5) (4,4,4) (37,39,41) (40,43,46) (66,76,86) (71,83,95) (37,38,39) (45,47,49) (3,3,3) (58,68,78) (53,58,63) (44,49,54) (88,99,110) (17,20,23) (9,9,9) (39,39,39) (11,11,11) (9,9,9) 
(34,38,42) (52,56,60) (61,65,69) (46,54,62) (85,95,105) (6,6,6) (8,8,8) (48,53,58) (9,9,9) (41,44,47) (35,39,43) (17,18,19) (77,77,77) (6,6,6) (40,43,46) (24,26,28) (54,54,54) (63,64,65) (41,43,45) (70,71,72) 
(68,75,82) (29,31,33) (50,51,52) (94,95,96) (50,50,50) (91,98,105) (71,80,89) (34,38,42) (97,99,101) (77,78,79) (71,83,95) (35,38,41) (4,4,4) (62,68,74) (40,44,48) (82,95,108) (68,77,86) (16,16,16) (82,89,96) (50,52,54) 
(10,10,10) (35,41,47) (51,52,53) (96,97,98) (53,55,57) (47,50,53) (48,48,48) (85,87,89) (84,97,110) (1,1,1) (27,27,27) (59,69,79) (4,4,4) (75,75,75) (54,59,64) (50,50,50) (22,22,22) (66,73,80) (66,73,80) (57,57,57) 
(7,8,9) (56,62,68) (21,24,27) (29,29,29) (87,87,87) (69,72,75) (33,34,35) (23,23,23) (32,35,38) (1,1,1) (4,4,4) (40,42,44) (79,90,101) (23,23,23) (23,25,27) (53,62,71) (45,46,47) (14,14,14) (76,79,82) (1,1,1) 
(12,13,14) (83,96,109) (42,43,44) (79,92,105) (11,11,11) (82,94,106) (5,5,5) (30,34,38) (37,38,39) (63,68,73) (68,70,72) (58,65,72) (58,62,66) (9,9,9) (33,35,37) (84,94,104) (12,12,12) (27,30,33) (81,91,101) (61,63,65) 
(30,33,36) (12,14,16) (68,79,90) (21,24,27) (10,11,12) (5,5,5) (20,22,24) (52,61,70) (27,27,27) (81,88,95) (4,4,4) (75,78,81) (60,62,64) (63,72,81) (55,56,57) (16,18,20) (59,62,65) (46,47,48) (25,27,29) (85,94,103) 
(29,34,39) (6,6,6) (57,61,65) (59,60,61) (45,48,51) (2,2,2) (57,64,71) (24,27,30) (15,16,17) (69,71,73) (63,71,79) (46,47,48) (51,52,53) (68,73,78) (38,42,46) (88,99,110) (5,5,5) (64,72,80) (37,43,49) (27,27,27) 
