NUMBER OF JOBS
100
NUMBER OF RESOURCES
20
RESOURCE SEQUENCE
9 12 4 7 16 0 1 18 17 5 14 11 8 10 3 15 13 2 19 6 
17 13 19 6 10 11 1 7 16 18 14 15 5 3 9 2 0 4 8 12 
17 10 3 4 19 7 15 0 16 12 14 18 8 11 6 2 5 1 9 13 
9 19 3 10 1 5 16 14 7 17 18 13 4 0 11 15 8 12 2 6 
13 16 4 15 9 10 0 2 3 11 17 5 19 7 18 6 1 12 14 8 
16 7 9 6 13 5 18 11 17 19 14 15 10 0 4 12 2 1 3 8 
14 5 1 10 9 13 16 17 2 18 19 12 15 6 0 3 7 4 11 8 
1 11 10 3 17 9 14 18 0 4 15 16 6 12 7 5 13 8 19 2 
2 17 8 19 10 13 15 12 16 1 18 6 11 0 14 3 9 7 5 4 
3 17 11 0 5 15 13 12 16 10 2 6 4 9 19 8 1 7 18 14 
2 8 14 5 15 13 10 19 12 9 4 0 6 3 18 7 16 11 1 17 
1 13 8 3 7 14 9 6 10 15 19 11 4 16 2 0 18 17 5 12 
5 0 7 1 4 8 10 3 13 9 11 17 12 14 15 6 2 19 16 18 
7 19 5 6 9 14 8 4 3 15 1 10 11 12 2 16 0 13 17 18 
2 18 0 13 6 16 5 19 14 9 7 3 1 10 17 8 4 11 12 15 
12 11 1 17 4 13 16 18 6 7 8 10 2 14 5 3 9 19 0 15 
11 8 10 17 3 14 1 9 13 5 19 4 18 6 16 12 7 0 2 15 
2 7 15 0 17 18 10 3 16 11 19 13 9 14 12 5 8 1 4 6 
16 12 15 11 5 3 2 8 0 6 10 7 9 18 17 19 4 14 13 1 
1 14 19 0 10 16 15 7 17 18 3 4 13 8 5 9 6 11 2 12 
12 9 2 15 14 8 17 6 1 11 10 5 16 13 4 3 0 7 18 19 
11 17 18 12 19 14 8 10 15 7 2 1 4 16 13 9 0 6 3 5 
18 12 17 8 5 10 6 9 13 0 2 15 7 4 16 1 14 11 3 19 
9 12 8 18 5 2 15 11 0 6 1 4 17 3 13 7 14 19 10 16 
18 16 17 11 6 8 1 7 12 10 3 9 14 0 19 2 5 4 15 13 
17 15 6 4 7 1 0 13 9 19 18 5 3 10 2 16 11 8 14 12 
3 15 7 8 10 9 2 17 19 14 16 5 1 18 12 11 0 4 13 6 
3 17 12 9 4 10 15 13 0 11 8 2 1 5 19 7 16 18 6 14 
19 16 18 13 5 11 8 9 0 2 14 17 10 4 6 1 3 12 7 15 
18 8 2 6 12 17 19 10 9 15 5 1 3 7 14 13 11 4 0 16 
12 13 1 3 18 17 15 6 5 9 11 16 14 10 0 8 4 7 2 19 
7 8 13 0 16 12 15 17 6 4 11 18 10 9 2 14 5 19 1 3 
11 17 19 7 6 12 16 9 13 0 2 15 10 5 4 1 18 14 3 8 
6 8 9 17 16 4 10 14 18 2 7 19 5 0 3 11 13 1 15 12 
16 8 3 4 13 1 2 9 10 7 12 6 17 5 0 18 11 19 15 14 
7 11 2 15 16 4 18 0 17 13 19 10 9 12 1 6 14 8 3 5 
12 6 0 17 5 10 13 8 1 16 4 7 11 19 18 2 9 14 3 15 
2 8 7 10 17 6 13 3 19 18 9 12 11 14 1 16 5 4 15 0 
10 3 1 15 14 11 13 2 16 4 8 18 12 9 5 7 19 0 17 6 
8 14 19 2 18 17 16 5 6 13 10 3 7 0 4 12 9 1 15 11 
9 1 19 6 4 17 13 7 15 8 0 2 10 16 14 18 5 3 12 11 
8 7 4 14 18 16 19 15 2 10 6 12 9 5 0 1 13 3 17 11 
2 9 18 7 16 13 14 15 10 17 11 3 5 0 8 12 4 19 1 6 
6 2 16 10 18 0 17 19 3 5 7 14 9 12 15 8 4 13 1 11 
10 0 12 1 6 14 18 11 7 16 9 8 4 15 13 19 5 3 2 17 
14 5 4 19 9 8 3 12 1 0 15 18 17 13 10 6 11 7 16 2 
2 13 17 11 4 9 15 1 7 0 5 12 16 14 8 10 3 6 19 18 
2 5 14 10 1 7 3 18 19 6 4 8 17 12 15 0 11 13 16 9 
4 13 10 15 14 12 18 11 1 5 17 9 2 16 0 8 19 6 3 7 
3 17 4 13 8 15 19 7 6 11 12 14 1 10 9 0 5 18 16 2 
11 8 0 13 5 7 10 9 2 4 1 12 17 6 18 15 14 19 3 16 
3 11 15 8 10 6 5 18 2 9 19 16 14 17 12 4 7 1 13 0 
10 18 3 8 2 12 11 13 6 14 19 1 16 17 0 7 4 15 9 5 
3 14 0 4 5 7 13 6 15 17 12 10 1 9 11 2 18 8 16 19 
2 8 7 9 19 16 17 15 6 3 4 13 10 12 0 5 14 18 1 11 
18 12 11 7 17 8 13 15 9 14 16 5 2 10 19 3 1 0 6 4 
0 7 2 16 17 4 13 1 9 10 11 14 15 3 5 6 12 8 19 18 
3 13 18 9 17 12 14 19 7 10 0 11 5 8 2 4 16 1 6 15 
7 18 10 5 8 13 2 16 3 14 1 4 19 9 15 0 11 17 12 6 
6 12 8 0 4 16 5 19 11 2 14 13 7 18 3 10 9 1 17 15 
8 17 15 10 6 3 5 1 9 2 13 11 14 7 12 18 0 4 19 16 
2 7 17 10 5 12 13 18 0 15 4 1 9 8 6 11 19 3 14 16 
15 5 4 19 8 13 3 0 14 1 12 11 10 17 9 2 18 7 6 16 
10 16 19 6 2 5 0 1 9 4 8 12 3 17 14 7 13 15 11 18 
17 4 3 11 6 12 18 14 9 19 7 15 10 0 5 13 1 2 16 8 
19 1 4 6 14 2 3 8 16 11 18 13 10 15 7 9 5 12 0 17 
16 17 11 1 8 6 7 13 18 4 3 0 10 9 2 14 19 5 12 15 
8 3 1 14 13 7 19 10 0 17 12 2 4 16 18 6 5 9 15 11 
13 16 4 17 7 19 6 3 2 12 11 10 1 14 9 15 0 8 5 18 
6 17 7 14 5 4 3 10 1 12 8 15 2 18 11 9 16 13 19 0 
11 6 10 4 8 18 0 16 2 17 5 14 1 15 13 7 3 9 19 12 
7 17 15 1 12 9 5 14 0 2 4 11 13 18 16 3 19 6 10 8 
11 16 10 17 18 5 13 19 7 14 12 15 4 9 2 3 1 6 8 0 
2 13 19 4 6 7 10 18 14 17 12 16 11 8 15 5 9 0 1 3 
16 11 3 10 18 14 1 7 6 17 19 15 2 0 8 13 4 12 9 5 
5 13 0 1 3 6 17 19 4 2 8 9 16 7 10 11 18 12 14 15 
18 17 5 10 8 9 0 11 12 2 19 14 16 1 6 15 4 3 7 13 
8 15 1 6 2 19 16 17 0 10 12 5 9 13 4 14 3 11 18 7 
7 8 3 17 14 5 1 11 9 15 4 12 16 6 10 2 13 19 18 0 
18 15 8 16 13 6 11 4 10 2 3 1 19 7 12 9 0 14 17 5 
11 3 10 17 19 16 5 6 13 9 8 14 12 18 1 15 2 4 7 0 
11 8 5 13 18 16 1 3 7 6 9 14 10 2 4 19 15 17 0 12 
17 19 8 0 4 1 11 3 13 16 9 10 5 14 2 18 12 7 15 6 
6 5 1 18 7 0 19 16 2 12 14 17 3 10 8 4 15 13 9 11 
2 17 7 12 0 14 4 19 15 10 8 1 6 3 18 5 9 11 16 13 
16 12 0 2 14 5 6 3 17 15 18 10 11 7 9 1 8 19 4 13 
9 3 11 18 15 1 19 16 13 17 0 5 14 10 12 4 2 8 6 7 
16 14 2 11 5 13 17 19 8 15 9 10 1 12 7 4 6 3 18 0 
7 9 16 2 14 3 5 6 18 19 13 8 15 17 0 12 11 10 4 1 
5 18 13 10 8 14 9 12 4 2 7 11 19 6 1 17 0 15 3 16 
6 11 8 0 1 2 15 7 12 14 18 5 16 10 19 17 4 3 9 13 
7 10 16 9 5 15 12 6 3 2 0 19 18 8 11 4 17 1 13 14 
15 18 19 0 10 12 14 9 1 3 17 2 8 6 13 16 7 5 11 4 
13 19 7 4 6 18 12 1 17 16 2 14 3 5 15 0 11 9 10 8 
0 3 8 12 9 16 2 6 19 14 5 17 11 15 4 1 18 7 10 13 
11 9 19 3 1 7 2 4 18 6 15 17 16 14 10 0 12 8 13 5 
10 5 9 8 3 1 0 4 7 15 11 19 18 13 14 17 2 12 16 6 
6 10 4 19 2 13 12 11 8 9 17 0 1 7 14 15 3 16 5 18 
11 9 8 16 13 7 19 5 10 3 18 2 14 17 12 4 0 6 1 15 
11 12 9 7 15 18 16 8 19 4 1 17 13 5 0 14 2 6 10 3 
PROCESSING TIMES
(47,54,61) (80,87,94) (59,61,63) (33,35,37) (5,5,5) (43,48,53) (29,33,37) (20,21,22) (56,65,74) (72,83,94) (71,78,85) (13,14,15) (67,70,73) (22,25,28) (35,36,37) (51,56,61) (80,87,94) (30,32,34) (82,96,110) (53,62,71) 
(60,68,76) (15,15,15) (21,22,23) (53,53,53) (30,33,36) (60,61,62) (71,73,75) (61,63,65) (87,96,105) (60,61,62) (75,88,101) (78,86,94) (48,53,58) (2,2,2) (26,29,32) (14,14,14) (48,49,50) (13,14,15) (20,22,24) (59,66,73) 
(68,68,68) (64,70,76) (75,84,93) (18,19,20) (30,32,34) (58,58,58) (78,87,96) (80,82,84) (6,7,8) (43,47,51) (66,68,70) (65,71,77) (3,3,3) (90,93,96) (23,24,25) (28,31,34) (19,19,19) (56,56,56) (76,88,100) (69,71,73) 
(56,58,60) (70,72,74) (50,51,52) (39,42,45) (27,31,35) (61,63,65) (42,49,56) (81,83,85) (25,28,31) (79,92,105) (76,83,90) (7,7,7) (6,7,8) (26,30,34) (12,14,16) (25,27,29) (54,58,62) (28,32,36) (15,16,17) (58,67,76) 
(34,36,38) (51,51,51) (62,65,68) (34,40,46) (75,79,83) (34,39,44) (30,33,36) (76,77,78) (75,84,93) (65,68,71) (70,71,72) (46,54,62) (36,40,44) (83,94,105) (54,56,58) (87,94,101) (55,55,55) (9,10,11) (12,13,14) (13,13,13) 
(48,51,54) (23,27,31) (29,31,33) (64,65,66) (26,26,26) (61,62,63) (85,88,91) (67,69,71) (40,47,54) (32,36,40) (3,3,3) (85,90,95) (86,90,94) (29,31,33) (24,24,24) (34,35,36) (22,24,26) (64,68,72) (18,18,18) (66,70,74) 
(8,8,8) (6,6,6) (91,93,95) (55,60,65) (62,68,74) (30,32,34) (85,95,105) (15,17,19) (12,12,12) (69,79,89) (72,78,84) (26,26,26) (15,15,15) (73,83,93) (7,8,9) (29,31,33) (5,5,5) (6,6,6) (35,36,37) (67,75,83) 
(36,41,46) (83,95,107) (4,4,4) (97,98,99) (21,22,23) (60,64,68) (35,41,47) (54,56,58) (23,23,23) (62,72,82) (10,10,10) (35,35,35) (53,55,57) (16,17,18) (9,10,11) (30,32,34) (66,76,86) (48,49,50) (81,95,109) (14,14,14) 
(96,96,96) (21,23,25) (40,44,48) (17,19,21) (84,90,96) (6,6,6) (62,67,72) (35,37,39) (56,64,72) (75,80,85) (98,98,98) (66,66,66) (69,74,79) (63,65,67) (3,3,3) (13,15,17) (46,50,54) (97,98,99) (42,46,50) (69,80,91) 
(1,1,1) (58,65,72) (35,36,37) (33,35,37) (86,95,104) (95,99,103) (74,82,90) (45,46,47) (23,26,29) (35,35,35) (96,96,96) (6,6,6) (25,28,31) (80,92,104) (11,12,13) (40,42,44) (44,47,50) (78,78,78) (9,10,11) (73,76,79) 
(71,78,85) (96,99,102) (79,90,101) (44,46,48) (69,71,73) (71,76,81) (43,45,47) (87,96,105) (58,58,58) (3,3,3) (66,70,74) (80,80,80) (26,30,34) (81,85,89) (83,93,103) (14,16,18) (26,26,26) (76,79,82) (42,44,46) (21,21,21) 
(79,82,85) (16,16,16) (49,56,63) (30,35,40) (79,81,83) (85,97,109) (5,5,5) (61,68,75) (54,60,66) (30,33,36) (52,57,62) (41,42,43) (66,72,78) (68,77,86) (53,53,53) (26,26,26) (60,66,72) (75,81,87) (72,84,96) (78,84,90) 
(28,29,30) (6,6,6) (37,38,39) (82,96,110) (79,85,91) (31,36,41) (66,71,76) (5,5,5) (52,53,54) (11,11,11) (81,87,93) (99,99,99) (41,42,43) (61,69,77) (65,74,83) (30,34,38) (25,25,25) (10,10,10) (22,25,28) (30,32,34) 
(35,40,45) (70,73,76) (73,80,87) (60,70,80) (7,7,7) (35,35,35) (31,35,39) (20,20,20) (68,68,68) (27,29,31) (7,7,7) (12,12,12) (64,70,76) (40,47,54) (41,46,51) (75,78,81) (24,28,32) (44,48,52) (46,50,54) (22,22,22) 
(82,94,106) (79,79,79) (1,1,1) (34,39,44) (32,33,34) (81,94,107) (65,69,73) (18,19,20) (26,29,32) (31,33,35) (72,72,72) (41,48,55) (88,88,88) (9,9,9) (1,1,1) (99,99,99) (18,20,22) (25,29,33) (79,83,87) (41,44,47) 
(4,4,4) (16,18,20) (8,9,10) (77,82,87) (59,59,59) (62,64,66) (53,56,59) (73,78,83) (23,23,23) (61,61,61) (69,80,91) (86,91,96) (35,38,41) (84,89,94) (80,85,90) (22,23,24) (46,48,50) (80,90,100) (28,29,30) (93,97,101) 
(9,10,11) (8,9,10) (81,82,83) (27,28,29) (44,48,52) (63,66,69) (19,22,25) (32,32,32) (33,34,35) (41,43,45) (59,64,69) (41,43,45) (24,24,24) (77,88,99) (40,44,48) (15,15,15) (26,28,30) (51,54,57) (85,94,103) (75,80,85) 
(43,50,57) (53,54,55) (27,27,27) (62,69,76) (29,34,39) (5,5,5) (21,22,23) (26,29,32) (45,47,49) (22,24,26) (49,52,55) (23,26,29) (48,51,54) (53,58,63) (44,50,56) (83,84,85) (13,15,17) (82,93,104) (2,2,2) (14,16,18) 
(61,71,81) (23,25,27) (2,2,2) (64,75,86) (54,62,70) (70,79,88) (35,35,35) (77,87,97) (19,19,19) (48,50,52) (30,33,36) (74,79,84) (62,63,64) (8,9,10) (23,24,25) (36,39,42) (2,2,2) (17,20,23) (72,84,96) (51,53,55) 
(72,78,84) (10,11,12) (39,42,45) (54,60,66) (65,76,87) (55,57,59) (28,29,30) (46,50,54) (73,79,85) (74,81,88) (19,19,19) (22,24,26) (79,91,103) (51,57,63) (79,80,81) (66,74,82) (97,99,101) (4,4,4) (60,62,64) (2,2,2) 
(4,4,4) (62,65,68) (38,42,46) (91,97,103) (50,56,62) (83,92,101) (43,49,55) (81,83,85) (16,18,20) (86,86,86) (44,48,52) (22,24,26) (42,42,42) (99,99,99) (83,87,91) (55,59,63) (21,22,23) (34,34,34) (55,63,71) (45,45,45) 
(49,54,59) (62,64,66) (72,80,88) (47,51,55) (66,75,84) (42,42,42) (52,60,68) (33,33,33) (6,6,6) (77,90,103) (29,32,35) (74,77,80) (11,11,11) (57,63,69) (37,40,43) (29,30,31) (36,37,38) (60,62,64) (86,94,102) (8,8,8) 
(6,6,6) (66,77,88) (74,76,78) (20,23,26) (57,61,65) (88,90,92) (6,6,6) (73,85,97) (44,45,46) (74,86,98) (9,10,11) (61,71,81) (12,13,14) (59,68,77) (16,16,16) (30,33,36) (90,95,100) (45,52,59) (76,88,100) (39,39,39) 
(40,47,54) (28,30,32) (63,67,71) (95,99,103) (52,52,52) (25,29,33) (20,23,26) (7,8,9) (75,77,79) (69,80,91) (46,46,46) (54,54,54) (59,64,69) (41,45,49) (17,17,17) (11,12,13) (34,35,36) (3,3,3) (74,81,88) (14,15,16) 
(24,24,24) (46,50,54) (40,47,54) (76,88,100) (58,68,78) (36,42,48) (2,2,2) (22,24,26) (2,2,2) (59,63,67) (88,88,88) (68,72,76) (25,28,31) (42,47,52) (28,31,34) (62,62,62) (56,59,62) (6,6,6) (8,9,10) (59,60,61) 
(64,68,72) (74,82,90) (20,22,24) (41,44,47) (47,55,63) (24,25,26) (40,45,50) (67,75,83) (13,13,13) (84,84,84) (15,17,19) (57,67,77) (21,21,21) (6,6,6) (48,49,50) (57,67,77) (6,7,8) (69,74,79) (28,29,30) (20,20,20) 
(69,73,77) (2,2,2) (26,26,26) (13,15,17) (25,29,33) (41,44,47) (26,26,26) (98,99,100) (77,86,95) (51,59,67) (12,13,14) (86,90,94) (12,13,14) (16,17,18) (67,68,69) (75,88,101) (41,42,43) (56,61,66) (63,65,67) (70,72,74) 
(3,3,3) (1,1,1) (37,40,43) (31,33,35) (27,29,31) (37,42,47) (12,13,14) (15,15,15) (74,78,82) (36,37,38) (28,30,32) (88,92,96) (45,49,53) (83,91,99) (40,42,44) (69,74,79) (46,53,60) (52,59,66) (52,56,60) (31,32,33) 
(29,31,33) (78,84,90) (26,29,32) (65,75,85) (63,68,73) (12,12,12) (26,29,32) (46,51,56) (71,76,81) (95,98,101) (31,33,35) (97,99,101) (26,28,30) (15,17,19) (76,89,102) (4,4,4) (21,21,21) (76,84,92) (89,90,91) (4,4,4) 
(5,5,5) (64,69,74) (17,19,21) (45,45,45) (30,35,40) (77,89,101) (37,40,43) (37,38,39) (29,30,31) (47,52,57) (64,73,82) (7,7,7) (41,45,49) (56,60,64) (40,43,46) (55,55,55) (10,10,10) (95,97,99) (84,93,102) (55,63,71) 
(71,76,81) (56,61,66) (21,21,21) (38,41,44) (74,74,74) (45,51,57) (34,36,38) (46,49,52) (25,26,27) (28,31,34) (67,67,67) (68,69,70) (6,6,6) (52,54,56) (64,65,66) (6,7,8) (70,70,70) (41,45,49) (32,32,32) (22,25,28) 
(1,1,1) (63,69,75) (24,28,32) (24,25,26) (23,25,27) (21,24,27) (72,74,76) (41,48,55) (4,4,4) (12,12,12) (68,80,92) (28,28,28) (67,75,83) (79,82,85) (31,34,37) (89,99,109) (17,19,21) (51,59,67) (10,10,10) (10,11,12) 
(46,46,46) (70,81,92) (62,64,66) (26,28,30) (87,89,91) (65,71,77) (25,29,33) (25,27,29) (72,81,90) (30,34,38) (76,78,80) (6,7,8) (44,51,58) (25,25,25) (47,47,47) (12,14,16) (30,32,34) (40,47,54) (79,90,101) (31,31,31) 
(4,4,4) (39,40,41) (32,32,32) (48,52,56) (33,37,41) (33,35,37) (79,85,91) (25,26,27) (42,45,48) (50,58,66) (38,42,46) (72,75,78) (13,13,13) (14,15,16) (75,86,97) (65,74,83) (93,98,103) (17,19,21) (41,45,49) (57,60,63) 
(39,44,49) (63,65,67) (5,5,5) (29,30,31) (51,51,51) (36,42,48) (78,88,98) (78,79,80) (46,47,48) (43,46,49) (61,62,63) (49,50,51) (54,58,62) (81,82,83) (46,51,56) (84,89,94) (81,89,97) (59,63,67) (57,59,61) (76,84,92) 
(44,50,56) (52,61,70) (35,36,37) (14,14,14) (56,65,74) (80,86,92) (74,87,100) (26,28,30) (43,50,57) (8,8,8) (86,99,112) (65,73,81) (95,96,97) (83,94,105) (79,87,95) (61,68,75) (96,96,96) (59,69,79) (17,19,21) (32,33,34) 
(71,81,91) (81,81,81) (29,29,29) (47,54,61) (24,24,24) (49,55,61) (5,5,5) (36,36,36) (46,48,50) (38,41,44) (32,34,36) (29,33,37) (42,48,54) (33,37,41) (31,32,33) (32,34,36) (45,52,59) (27,27,27) (74,80,86) (13,14,15) 
(35,36,37) (28,31,34) (7,7,7) (85,88,91) (98,99,100) (52,55,58) (11,11,11) (62,65,68) (47,47,47) (16,18,20) (44,46,48) (38,39,40) (78,78,78) (40,46,52) (71,81,91) (31,31,31) (78,80,82) (30,35,40) (82,92,102) (44,51,58) 
(62,65,68) (43,46,49) (31,31,31) (3,3,3) (19,21,23) (50,55,60) (10,11,12) (5,5,5) (37,40,43) (45,52,59) (93,99,105) (11,11,11) (35,36,37) (73,83,93) (80,92,104) (5,5,5) (17,19,21) (50,58,66) (43,47,51) (29,34,39) 
(48,50,52) (56,56,56) (57,57,57) (25,27,29) (20,20,20) (24,26,28) (66,71,76) (58,59,60) (13,14,15) (41,46,51) (22,22,22) (60,66,72) (18,20,22) (31,33,35) (38,39,40) (33,33,33) (86,86,86) (30,30,30) (32,37,42) (75,77,79) 
(1,1,1) (49,51,53) (76,77,78) (63,72,81) (85,87,89) (43,50,57) (80,94,108) (79,84,89) (8,8,8) (66,73,80) (12,13,14) (11,12,13) (92,97,102) (84,86,88) (62,63,64) (43,44,45) (14,14,14) (61,67,73) (19,19,19) (50,52,54) 
(19,22,25) (5,5,5) (46,51,56) (16,18,20) (22,23,24) (93,97,101) (80,91,102) (79,86,93) (13,13,13) (26,27,28) (62,68,74) (38,44,50) (86,93,100) (74,82,90) (15,17,19) (45,48,51) (90,98,106) (27,30,33) (76,86,96) (88,92,96) 
(5,5,5) (81,92,103) (9,10,11) (54,63,72) (41,41,41) (26,26,26) (12,14,16) (28,30,32) (3,3,3) (8,9,10) (96,99,102) (54,54,54) (13,14,15) (91,98,105) (20,23,26) (10,11,12) (63,66,69) (46,48,50) (23,25,27) (74,79,84) 
(71,82,93) (45,50,55) (81,86,91) (19,19,19) (70,70,70) (71,76,81) (98,99,100) (31,34,37) (48,53,58) (22,23,24) (84,89,94) (73,82,91) (18,19,20) (48,55,62) (14,15,16) (20,23,26) (87,99,111) (63,63,63) (1,1,1) (64,75,86) 
(41,43,45) (25,25,25) (36,40,44) (17,18,19) (39,43,47) (80,86,92) (65,75,85) (23,24,25) (72,82,92) (23,24,25) (70,71,72) (78,89,100) (57,67,77) (24,28,32) (90,96,102) (19,20,21) (13,14,15) (79,85,91) (53,59,65) (35,38,41) 
(27,28,29) (8,8,8) (88,99,110) (8,8,8) (49,53,57) (51,51,51) (86,92,98) (52,61,70) (70,79,88) (69,73,77) (70,80,90) (24,24,24) (51,55,59) (71,73,75) (53,55,57) (9,9,9) (58,66,74) (20,22,24) (85,95,105) (55,60,65) 
(14,14,14) (85,89,93) (24,24,24) (34,37,40) (30,30,30) (80,88,96) (1,1,1) (15,15,15) (12,14,16) (32,36,40) (12,14,16) (54,62,70) (3,3,3) (27,27,27) (40,44,48) (49,50,51) (60,63,66) (24,26,28) (86,91,96) (85,85,85) 
(22,24,26) (67,74,81) (40,42,44) (43,43,43) (57,58,59) (25,29,33) (57,58,59) (50,54,58) (66,76,86) (21,22,23) (39,42,45) (69,80,91) (44,45,46) (25,28,31) (28,32,36) (55,59,63) (1,1,1) (76,81,86) (47,48,49) (15,15,15) 
(87,90,93) (20,20,20) (84,88,92) (84,84,84) (34,39,44) (6,6,6) (12,12,12) (12,14,16) (18,19,20) (38,44,50) (10,10,10) (26,26,26) (6,6,6) (74,75,76) (22,24,26) (33,38,43) (51,53,55) (33,37,41) (67,69,71) (44,46,48) 
(51,54,57) (72,78,84) (20,20,20) (58,66,74) (2,2,2) (48,52,56) (47,47,47) (78,84,90) (26,28,30) (10,11,12) (57,66,75) (40,45,50) (7,8,9) (20,22,24) (13,14,15) (30,31,32) (86,88,90) (63,73,83) (18,21,24) (63,70,77) 
(36,36,36) (25,29,33) (63,65,67) (29,32,35) (69,79,89) (2,2,2) (42,42,42) (90,95,100) (32,33,34) (5,5,5) (57,62,67) (45,47,49) (20,20,20) (2,2,2) (2,2,2) (35,36,37) (21,22,23) (87,96,105) (56,61,66) (81,85,89) 
(27,27,27) (20,22,24) (53,60,67) (87,87,87) (26,30,34) (55,64,73) (72,75,78) (26,26,26) (24,25,26) (65,76,87) (28,28,28) (50,53,56) (63,65,67) (55,59,63) (84,92,100) (54,54,54) (85,92,99) (28,28,28) (20,20,20) (41,48,55) 
(50,57,64) (12,13,14) (86,93,100) (44,47,50) (37,40,43) (72,81,90) (84,89,94) (52,52,52) (50,58,66) (18,20,22) (17,19,21) (36,37,38) (64,69,74) (1,1,1) (13,13,13) (54,60,66) (74,83,92) (33,35,37) (64,64,64) (73,73,73) 
(57,63,69) (77,86,95) (32,36,40) (75,85,95) (89,91,93) (12,12,12) (42,46,50) (52,52,52) (61,70,79) (23,25,27) (47,50,53) (41,41,41) (4,4,4) (8,9,10) (33,36,39) (88,99,110) (55,57,59) (89,91,93) (92,96,100) (37,43,49) 
(15,15,15) (81,84,87) (64,73,82) (93,93,93) (49,51,53) (14,14,14) (24,25,26) (66,75,84) (37,39,41) (13,14,15) (43,43,43) (70,73,76) (73,82,91) (2,2,2) (69,72,75) (60,66,72) (26,30,34) (62,64,66) (19,19,19) (56,63,70) 
(37,38,39) (71,74,77) (56,59,62) (64,69,74) (52,60,68) (89,99,109) (12,14,16) (42,48,54) (8,9,10) (49,50,51) (73,83,93) (74,85,96) (72,74,76) (10,10,10) (81,95,109) (9,10,11) (75,80,85) (92,92,92) (87,92,97) (39,39,39) 
(46,48,50) (73,75,77) (17,18,19) (62,65,68) (10,11,12) (30,32,34) (61,61,61) (42,46,50) (19,22,25) (1,1,1) (33,38,43) (33,33,33) (74,78,82) (38,39,40) (66,67,68) (79,79,79) (63,66,69) (99,99,99) (19,22,25) (66,66,66) 
(78,86,94) (83,95,107) (29,30,31) (18,19,20) (86,90,94) (65,65,65) (69,79,89) (21,23,25) (69,69,69) (70,81,92) (27,30,33) (9,9,9) (93,99,105) (84,86,88) (60,66,72) (54,62,70) (32,32,32) (94,97,100) (24,25,26) (35,37,39) 
(38,42,46) (58,67,76) (74,84,94) (53,55,57) (73,76,79) (44,48,52) (88,95,102) (52,59,66) (69,69,69) (53,53,53) (56,65,74) (29,30,31) (80,94,108) (78,85,92) (14,15,16) (94,96,98) (60,68,76) (1,1,1) (28,30,32) (85,94,103) 
(25,28,31) (72,76,80) (2,2,2) (76,86,96) (57,58,59) (38,40,42) (14,14,14) (32,32,32) (10,11,12) (12,13,14) (1,1,1) (49,56,63) (86,92,98) (12,13,14) (83,85,87) (13,15,17) (63,74,85) (46,51,56) (4,4,4) (60,66,72) 
(50,52,54) (64,73,82) (50,57,64) (12,13,14) (52,52,52) (47,49,51) (37,38,39) (13,14,15) (75,87,99) (63,63,63) (77,78,79) (40,40,40) (12,13,14) (23,23,23) (41,42,43) (94,99,104) (57,67,77) (25,28,31) (60,65,70) (91,92,93) 
(78,90,102) (54,59,64) (78,86,94) (29,30,31) (30,34,38) (79,79,79) (76,77,78) (9,9,9) (75,84,93) (73,73,73) (8,9,10) (44,44,44) (39,43,47) (59,59,59) (6,6,6) (81,90,99) (3,3,3) (18,19,20) (4,4,4) (33,33,33) 
(31,34,37) (18,18,18) (24,25,26) (50,51,52) (19,21,23) (84,93,102) (22,22,22) (50,56,62) (77,80,83) (75,77,79) (65,67,69) (88,89,90) (15,15,15) (54,60,66) (13,15,17) (68,80,92) (21,23,25) (81,90,99) (76,86,96) (17,17,17) 
(18,21,24) (58,61,64) (22,25,28) (81,91,101) (63,67,71) (79,84,89) (13,15,17) (55,59,63) (33,35,37) (5,5,5) (36,38,40) (8,9,10) (46,54,62) (57,58,59) (32,36,40) (33,36,39) (65,69,73) (6,7,8) (19,22,25) (5,5,5) 
(3,3,3) (66,73,80) (36,36,36) (69,75,81) (83,95,107) (63,71,79) (10,10,10) (6,7,8) (12,13,14) (30,33,36) (34,39,44) (27,30,33) (80,82,84) (74,76,78) (67,68,69) (37,37,37) (56,62,68) (44,44,44) (6,6,6) (50,51,52) 
(84,87,90) (29,31,33) (28,28,28) (65,68,71) (6,7,8) (76,85,94) (52,57,62) (81,82,83) (88,98,108) (16,16,16) (12,12,12) (27,28,29) (5,5,5) (55,56,57) (77,78,79) (6,7,8) (16,18,20) (7,7,7) (9,9,9) (14,15,16) 
(8,8,8) (2,2,2) (44,50,56) (45,51,57) (95,97,99) (84,86,88) (68,72,76) (85,92,99) (29,29,29) (50,58,66) (9,10,11) (13,13,13) (25,25,25) (42,42,42) (11,11,11) (46,46,46) (71,74,77) (76,86,96) (18,20,22) (30,31,32) 
(38,43,48) (4,4,4) (28,31,34) (87,98,109) (33,38,43) (13,13,13) (9,9,9) (80,87,94) (67,68,69) (50,54,58) (64,75,86) (33,37,41) (10,11,12) (58,58,58) (42,46,50) (48,49,50) (6,6,6) (13,15,17) (27,28,29) (81,86,91) 
(72,80,88) (87,90,93) (46,47,48) (23,26,29) (9,9,9) (9,10,11) (16,18,20) (87,95,103) (18,19,20) (49,52,55) (15,17,19) (55,55,55) (72,74,76) (22,24,26) (77,85,93) (40,40,40) (54,62,70) (55,60,65) (86,96,106) (88,96,104) 
(29,30,31) (64,75,86) (59,59,59) (19,22,25) (4,4,4) (46,52,58) (86,97,108) (34,39,44) (47,49,51) (36,36,36) (90,91,92) (70,79,88) (16,17,18) (33,38,43) (4,4,4) (56,57,58) (41,44,47) (46,46,46) (17,17,17) (66,66,66) 
(3,3,3) (63,70,77) (95,95,95) (19,22,25) (68,72,76) (37,39,41) (88,96,104) (91,94,97) (47,47,47) (31,35,39) (33,37,41) (57,59,61) (39,45,51) (83,87,91) (90,99,108) (33,33,33) (46,48,50) (4,4,4) (81,92,103) (59,68,77) 
(18,18,18) (65,74,83) (80,88,96) (52,60,68) (7,8,9) (42,45,48) (1,1,1) (72,83,94) (68,71,74) (70,78,86) (64,71,78) (45,52,59) (36,36,36) (17,18,19) (12,12,12) (92,93,94) (64,72,80) (35,37,39) (31,32,33) (25,28,31) 
(40,46,52) (71,80,89) (12,12,12) (37,43,49) (71,76,81) (83,83,83) (67,74,81) (42,44,46) (93,97,101) (45,46,47) (28,30,32) (51,56,61) (75,79,83) (30,34,38) (55,56,57) (42,49,56) (2,2,2) (58,63,68) (37,41,45) (75,87,99) 
(52,53,54) (30,35,40) (97,98,99) (19,19,19) (20,22,24) (31,31,31) (76,89,102) (83,94,105) (26,27,28) (86,92,98) (77,80,83) (51,60,69) (19,22,25) (27,31,35) (21,23,25) (5,5,5) (38,40,42) (5,5,5) (80,90,100) (13,13,13) 
(28,32,36) (39,43,47) (65,75,85) (13,15,17) (36,37,38) (5,5,5) (60,64,68) (4,4,4) (28,30,32) (25,29,33) (12,14,16) (30,35,40) (74,85,96) (65,75,85) (45,45,45) (45,45,45) (2,2,2) (7,7,7) (25,29,33) (61,68,75) 
(94,95,96) (10,11,12) (5,5,5) (19,20,21) (44,49,54) (14,16,18) (45,50,55) (9,10,11) (14,15,16) (59,63,67) (94,97,100) (9,9,9) (87,88,89) (56,64,72) (11,12,13) (90,95,100) (19,19,19) (14,16,18) (47,54,61) (8,9,10) 
(51,52,53) (30,33,36) (14,16,18) (10,10,10) (74,87,100) (62,62,62) (74,76,78) (84,88,92) (20,22,24) (56,63,70) (46,50,54) (84,87,90) (16,16,16) (52,56,60) (36,38,40) (49,57,65) (48,52,56) (65,71,77) (13,15,17) (17,18,19) 
(79,89,99) (31,32,33) (73,77,81) (60,66,72) (83,88,93) (6,6,6) (37,37,37) (30,35,40) (45,49,53) (43,50,57) (78,89,100) (53,62,71) (25,28,31) (29,31,33) (58,61,64) (39,41,43) (61,71,81) (2,2,2) (22,22,22) (9,9,9) 
(29,32,35) (20,20,20) (77,77,77) (61,70,79) (22,23,24) (73,82,91) (44,51,58) (64,75,86) (32,34,36) (52,55,58) (79,91,103) (45,49,53) (42,46,50) (70,80,90) (6,6,6) (69,69,69) (61,70,79) (93,99,105) (83,85,87) (41,45,49) 
(28,32,36) (25,27,29) (43,43,43) (46,53,60) (67,70,73) (17,17,17) (52,57,62) (71,77,83) (87,91,95) (42,49,56) (6,6,6) (6,6,6) (41,47,53) (88,93,98) (4,4,4) (54,54,54) (92,93,94) (67,68,69) (48,48,48) (82,93,104) 
(16,16,16) (5,5,5) (37,39,41) (76,79,82) (45,51,57) (34,39,44) (34,39,44) (32,32,32) (35,38,41) (27,28,29) (86,96,106) (30,35,40) (53,56,59) (39,42,45) (40,45,50) (83,83,83) (42,42,42) (37,40,43) (23,25,27) (3,3,3) 
(70,77,84) (1,1,1) (11,11,11) (75,87,99) (18,21,24) (42,44,46) (84,92,100) (71,77,83) (8,9,10) (82,92,102) (10,10,10) (31,31,31) (59,62,65) (56,65,74) (41,44,47) (74,78,82) (19,22,25) (13,13,13) (23,26,29) (67,72,77) 
(11,11,11) (43,46,49) (8,8,8) (71,77,83) (28,31,34) (45,48,51) (34,37,40) (89,99,109) (25,27,29) (92,99,106) (31,31,31) (64,73,82) (57,60,63) (38,40,42) (72,81,90) (8,9,10) (18,20,22) (80,81,82) (61,71,81) (2,2,2) 
(51,60,69) (17,20,23) (54,62,70) (18,18,18) (16,18,20) (31,33,35) (33,38,43) (43,48,53) (35,37,39) (69,78,87) (76,76,76) (28,28,28) (59,65,71) (56,61,66) (39,40,41) (25,28,31) (64,67,70) (4,4,4) (16,17,18) (26,26,26) 
(46,54,62) (77,89,101) (64,69,74) (86,93,100) (62,69,76) (81,93,105) (49,54,59) (26,30,34) (13,14,15) (13,14,15) (66,71,76) (44,49,54) (10,10,10) (83,86,89) (79,88,97) (65,67,69) (15,17,19) (2,2,2) (2,2,2) (17,20,23) 
(51,54,57) (79,83,87) (52,59,66) (70,70,70) (18,18,18) (32,34,36) (6,7,8) (2,2,2) (42,45,48) (6,6,6) (71,80,89) (20,21,22) (65,72,79) (74,80,86) (88,89,90) (52,52,52) (29,33,37) (36,41,46) (71,76,81) (5,5,5) 
(51,53,55) (14,15,16) (69,75,81) (10,10,10) (45,48,51) (48,54,60) (1,1,1) (43,43,43) (22,22,22) (31,31,31) (54,63,72) (1,1,1) (58,68,78) (66,74,82) (23,23,23) (32,32,32) (50,53,56) (66,71,76) (84,93,102) (22,22,22) 
(21,21,21) (45,51,57) (56,56,56) (35,39,43) (32,32,32) (16,17,18) (34,37,40) (21,21,21) (39,42,45) (80,81,82) (50,56,62) (27,29,31) (11,11,11) (74,78,82) (38,40,42) (59,66,73) (57,57,57) (90,92,94) (5,5,5) (34,38,42) 
(29,30,31) (27,31,35) (87,92,97) (25,26,27) (48,56,64) (63,67,71) (78,88,98) (10,11,12) (25,25,25) (23,24,25) (94,98,102) (8,8,8) (34,34,34) (17,18,19) (70,80,90) (70,82,94) (28,28,28) (75,87,99) (66,77,88) (14,14,14) 
(36,40,44) (40,43,46) (79,85,91) (81,84,87) (66,76,86) (62,64,66) (6,7,8) (47,51,55) (49,51,53) (15,15,15) (89,96,103) (29,31,33) (83,85,87) (29,30,31) (84,85,86) (45,45,45) (69,73,77) (71,73,75) (15,17,19) (57,57,57) 
(3,3,3) (30,32,34) (85,92,99) (85,97,109) (68,78,88) (75,83,91) (36,37,38) (40,41,42) (4,4,4) (56,62,68) (16,16,16) (32,36,40) (4,4,4) (26,26,26) (25,28,31) (2,2,2) (14,16,18) (35,37,39) (81,93,105) (25,26,27) 
(63,64,65) (90,90,90) (77,88,99) (30,32,34) (13,13,13) (67,70,73) (5,5,5) (29,30,31) (43,44,45) (73,82,91) (92,98,104) (43,44,45) (61,67,73) (24,24,24) (44,49,54) (87,99,111) (9,9,9) (24,28,32) (91,96,101) (65,70,75) 
(75,83,91) (27,29,31) (23,27,31) (67,78,89) (73,85,97) (10,10,10) (72,77,82) (79,91,103) (21,24,27) (94,97,100) (19,19,19) (46,54,62) (36,40,44) (36,39,42) (41,46,51) (78,89,100) (82,83,84) (92,93,94) (52,53,54) (87,90,93) 
(68,76,84) (52,56,60) (37,40,43) (63,73,83) (12,14,16) (70,74,78) (68,75,82) (54,55,56) (84,90,96) (7,8,9) (8,9,10) (59,59,59) (56,60,64) (24,27,30) (1,1,1) (17,17,17) (6,6,6) (40,41,42) (39,41,43) (10,10,10) 
(21,23,25) (71,77,83) (7,7,7) (65,66,67) (5,5,5) (85,85,85) (81,87,93) (1,1,1) (35,40,45) (61,69,77) (61,62,63) (89,90,91) (17,20,23) (17,18,19) (29,32,35) (32,36,40) (4,4,4) (6,6,6) (40,47,54) (25,28,31) 
(45,45,45) (80,87,94) (4,4,4) (17,17,17) (6,6,6) (13,13,13) (63,72,81) (64,66,68) (68,68,68) (84,87,90) (1,1,1) (74,79,84) (44,44,44) (5,5,5) (33,33,33) (28,32,36) (20,20,20) (54,63,72) (73,73,73) (56,62,68) 
(81,81,81) (3,3,3) (13,13,13) (38,42,46) (20,22,24) (32,32,32) (76,83,90) (51,56,61) (24,28,32) (94,96,98) (34,34,34) (40,42,44) (21,22,23) (84,86,88) (41,45,49) (75,79,83) (6,7,8) (43,43,43) (25,27,29) (35,41,47) 
(4,4,4) (53,55,57) (30,31,32) (21,22,23) (26,28,30) (38,44,50) (15,15,15) (75,88,101) (25,27,29) (58,66,74) (45,50,55) (25,25,25) (25,27,29) (88,91,94) (47,53,59) (66,71,76) (10,10,10) (12,12,12) (2,2,2) (54,61,68) 
(69,70,71) (61,69,77) (24,26,28) (75,78,81) (38,42,46) (83,97,111) (58,68,78) (77,88,99) (34,37,40) (21,23,25) (40,46,52) (54,55,56) (27,29,31) (77,81,85) (52,54,56) (61,70,79) (70,71,72) (2,2,2) (47,53,59) (27,28,29) 
(39,39,39) (53,56,59) (78,87,96) (18,21,24) (9,9,9) (81,82,83) (41,44,47) (56,63,70) (8,9,10) (48,50,52) (33,34,35) (51,58,65) (18,18,18) (85,87,89) (39,42,45) (70,78,86) (87,98,109) (27,30,33) (40,46,52) (21,21,21) 
